1.000000000 0.000000000 0.000000000 0.000000000 0.000000000 1.000000000 0.000000000 0.000000000 0.000000000 0.000000000 1.000000000 0.000000000
1.000000000 -0.000140244 0.000044871 0.003110968 0.000140248 1.000000000 -0.000076147 0.006584250 -0.000044860 0.000076153 1.000000000 -0.009919397
1.000000000 -0.000040456 0.000039250 -0.001099788 0.000040459 1.000000000 -0.000068214 0.008382690 -0.000039247 0.000068215 1.000000000 -0.023475183
0.999999940 -0.000267394 0.000045077 0.001680954 0.000267400 0.999999940 -0.000118305 0.016091764 -0.000045045 0.000118317 1.000000000 0.060481116
1.000000000 -0.000018814 -0.000016704 0.004490179 0.000018815 1.000000000 0.000057177 -0.004770947 0.000016703 -0.000057177 1.000000000 0.021256290
1.000000000 -0.000045070 -0.000051428 0.008753496 0.000045069 1.000000000 -0.000008863 0.002021649 0.000051428 0.000008861 1.000000000 0.031150319
1.000000000 -0.000110843 0.000036378 -0.000874774 0.000110843 1.000000000 -0.000001215 0.003245928 -0.000036377 0.000001219 1.000000000 -0.003294415
1.000000000 -0.000176882 0.000061851 -0.004143359 0.000176882 1.000000000 -0.000010491 0.006938862 -0.000061849 0.000010502 1.000000000 0.051725850
0.999863982 -0.011857416 0.011464488 -0.282249242 0.011732076 0.999871314 0.010939011 -0.010714792 -0.011592721 -0.010803021 0.999874473 0.234921589
0.999351740 -0.027515242 0.023217462 -0.477177382 0.027095934 0.999467432 0.018185362 -0.025587361 -0.023705471 -0.017544474 0.999565005 0.040306643
0.997916162 -0.050529648 0.040126186 -0.827743530 0.049236178 0.998255193 0.032594748 0.056165438 -0.041703176 -0.030551165 0.998662829 0.084821761
0.996848643 -0.062305909 0.049099766 -1.128062606 0.060394626 0.997392952 0.039494555 0.056173570 -0.051432505 -0.036404729 0.998012722 0.117493391
0.996105015 -0.069702767 0.054002959 -1.222356319 0.067174554 0.996619523 0.047297824 0.055243764 -0.057117190 -0.043485973 0.997419953 0.177828878
0.994356811 -0.084830076 0.063705057 -1.406393290 0.081451856 0.995219886 0.053879060 0.150820792 -0.067971103 -0.048386116 0.996513307 0.298083901
0.990150332 -0.112244554 0.083687112 -1.931019306 0.106702909 0.991963089 0.067997783 0.096469037 -0.090646908 -0.058398370 0.994169414 0.469367415
0.987682402 -0.126593485 0.091965184 -2.173394680 0.120001338 0.990011632 0.074004330 0.130771533 -0.100415066 -0.062056828 0.993008435 0.885285914
0.984022319 -0.144153967 0.104497068 -2.799945354 0.135296568 0.986939907 0.087432526 -0.408640832 -0.115736067 -0.071897462 0.990674496 0.628458679
0.980877638 -0.158833787 0.112476029 -2.923614025 0.148786783 0.984510362 0.092747480 -0.425540924 -0.125465244 -0.074238986 0.989316404 0.917950034
0.970742583 -0.199150279 0.134156629 -3.713454485 0.184818015 0.976364076 0.112051561 -0.974596918 -0.153300822 -0.083978653 0.984604657 1.853055358
0.966596603 -0.213551953 0.141726986 -3.927186966 0.196698442 0.972593904 0.123979807 -1.704961061 -0.164318919 -0.091960989 0.982111275 2.422135353
0.959042311 -0.237864509 0.153812498 -4.263027191 0.218072280 0.966548264 0.135014847 -2.004029989 -0.180782452 -0.095942713 0.978832304 3.149043322
0.951913476 -0.258034497 0.165163428 -4.621453762 0.235183045 0.960950077 0.145821631 -2.516772270 -0.196340799 -0.099965960 0.975426614 3.554691076
0.942713439 -0.283011734 0.176623210 -4.897015095 0.257093817 0.953717470 0.155967295 -2.800631046 -0.212589234 -0.101623736 0.971842825 4.402937889
0.926116705 -0.321206897 0.197823316 -5.548546314 0.289923608 0.941554666 0.171520486 -3.466643333 -0.241355017 -0.101494335 0.965114832 5.428417206
0.920027077 -0.332732528 0.206976488 -6.003456116 0.299304426 0.937620580 0.176873803 -3.795786858 -0.252917111 -0.100779675 0.962224722 5.948403358
0.911848307 -0.348972648 0.216219440 -6.157498837 0.314722955 0.932414234 0.177632213 -3.630065680 -0.263594896 -0.093924426 0.960049987 6.442546844
0.903980434 -0.365097135 0.222538754 -6.018394947 0.328918904 0.926332533 0.183631316 -3.917222977 -0.273188114 -0.092801891 0.957473755 7.347090244
0.887836814 -0.393778980 0.238084078 -6.118255615 0.354421526 0.915167868 0.191971719 -4.020373821 -0.293481380 -0.086057417 0.952083409 8.463564873
0.880146384 -0.407445550 0.243578672 -6.062765121 0.367954522 0.909757018 0.192228347 -3.702024698 -0.299919933 -0.079563230 0.950640738 8.975486755
0.868613362 -0.425825208 0.253345072 -6.192873478 0.383613557 0.901555419 0.200095668 -3.951491833 -0.313610464 -0.076619163 0.946455538 9.767313957
0.852111101 -0.446501255 0.273026228 -7.492013931 0.393656224 0.890576482 0.227833927 -6.073931694 -0.344878852 -0.086661339 0.934638083 10.475982666
0.829506993 -0.477226853 0.290125400 -7.427729607 0.421502143 0.875745952 0.235382527 -6.212689400 -0.366406977 -0.072962925 0.927589536 11.659736633
0.822865129 -0.485979885 0.294476777 -7.253061295 0.429357320 0.871209443 0.238005236 -6.284671307 -0.372216642 -0.069410458 0.925546825 12.207377434
0.810301483 -0.500871360 0.304202795 -7.179382324 0.444355518 0.863583207 0.238269225 -6.232695580 -0.382046640 -0.057895690 0.922327757 12.717744827
0.798003197 -0.515918434 0.311478585 -6.899785042 0.461041927 0.855478168 0.235791251 -5.863721371 -0.388112068 -0.044557489 0.920534432 13.247801781
0.787925243 -0.525777578 0.320517868 -6.636925697 0.468966603 0.849701047 0.240994707 -6.383683205 -0.399054021 -0.039573632 0.916072965 13.921936989
0.766815603 -0.548303723 0.333701581 -6.171233654 0.491830051 0.835975945 0.243408069 -6.400131226 -0.412428021 -0.022524662 0.910711646 15.002931595
0.760976970 -0.554589093 0.336667329 -5.968590736 0.499493837 0.831977844 0.241492257 -6.305475235 -0.414028764 -0.015606748 0.910130024 14.999273300
0.751129627 -0.560439587 0.348872036 -5.940879822 0.506879151 0.828190565 0.239110544 -6.339797974 -0.422939569 -0.002767060 0.906153679 15.889637947
0.741117060 -0.568682253 0.356855810 -5.673370838 0.516188741 0.822525203 0.238749549 -6.424707413 -0.429295480 0.007263614 0.903134882 16.620462418
0.716413558 -0.588697314 0.374415785 -5.507475376 0.542225480 0.807520509 0.232168481 -6.024854660 -0.439025432 0.036689144 0.897725224 16.761665344
0.709619164 -0.591313899 0.383129835 -5.595574856 0.547705650 0.805008471 0.227991179 -5.926711082 -0.443237126 0.048055504 0.895115316 16.823284149
0.702628911 -0.594133735 0.391558141 -5.144109249 0.552133203 0.802349806 0.226679772 -6.118102074 -0.448844671 0.056920517 0.891795099 17.899597168
0.696382284 -0.596506298 0.399038851 -5.064626217 0.557061076 0.799835682 0.223485887 -6.097305775 -0.452476203 0.066657417 0.889281690 18.152362823
0.693415999 -0.596460760 0.404238731 -4.959178448 0.560528874 0.799058914 0.217513934 -6.028372765 -0.452749044 0.075759895 0.888413608 18.064817429
0.686158895 -0.596176624 0.416844726 -4.770681381 0.567993999 0.797083974 0.205036908 -5.911767960 -0.454498321 0.096077442 0.885550797 18.300067902
0.689000785 -0.588183820 0.423459142 -4.904482365 0.562870443 0.802330494 0.198601544 -5.977564812 -0.456568480 0.101516031 0.883877695 18.033863068
0.688005686 -0.584860682 0.429634929 -4.805920601 0.564615726 0.803327024 0.189406216 -5.914244652 -0.455913574 0.112266123 0.882915139 18.231700897
0.687866688 -0.582113624 0.433570266 -4.787001133 0.566392601 0.804034472 0.180909187 -5.904876709 -0.453915149 0.121129602 0.882773280 17.918422699
0.692611814 -0.569768906 0.442325979 -4.577671528 0.562385142 0.810552776 0.163483977 -5.780271530 -0.451676667 0.135526687 0.881828070 18.174863815
0.693849087 -0.568276167 0.442307085 -4.848114014 0.563483834 0.810896575 0.157900542 -5.880763054 -0.448396444 0.139673695 0.882854521 16.104480743
0.698769867 -0.562334239 0.442154884 -5.124804497 0.560308874 0.814513683 0.150404468 -5.871864319 -0.444718838 0.142645165 0.884238422 14.724206924
0.706089199 -0.553442776 0.441745490 -5.289064884 0.555871427 0.819664299 0.138411179 -5.856161118 -0.438685596 0.147823021 0.886399031 13.368938446
0.713227987 -0.544868350 0.440935850 -5.335914612 0.548987687 0.825358033 0.131896794 -5.961553574 -0.435796261 0.147995874 0.887794316 13.517595291
0.732948124 -0.522636890 0.435474187 -5.358140945 0.533328176 0.838843882 0.109097168 -5.959125996 -0.422313064 0.152288035 0.893565953 15.252065659
0.740223050 -0.515904427 0.431175679 -5.548576355 0.529149294 0.842639029 0.099803165 -5.903166294 -0.414814323 0.154279694 0.896731198 14.469309807
0.752261341 -0.505976915 0.422007412 -5.763011932 0.522841334 0.848186553 0.084950164 -5.614866734 -0.400923848 0.156738177 0.902603567 12.328392029
0.764386773 -0.496484935 0.411358207 -5.516702175 0.516708434 0.853315294 0.069752119 -5.252323151 -0.385649174 0.159234673 0.908800840 12.150394440
0.778393686 -0.481942207 0.402287424 -5.499544144 0.504510105 0.861587763 0.055999741 -5.131652355 -0.373594582 0.159368247 0.913799167 11.540941238
0.800957084 -0.455867738 0.388139695 -6.021588326 0.482819855 0.875152111 0.031523637 -5.198526859 -0.354051828 0.162152499 0.921061277 10.129404068
0.810252726 -0.447360396 0.378628135 -5.951918125 0.475382417 0.879507542 0.021860298 -5.066612244 -0.342785776 0.162280798 0.925290763 8.861250877
0.819644630 -0.440624863 0.366104335 -5.828189373 0.470024228 0.882597446 0.009946715 -4.812965870 -0.327505559 0.163925141 0.930520654 8.372628212
0.831104517 -0.420120239 0.364368528 -6.924439430 0.449220955 0.893404067 0.005455046 -5.385469437 -0.327820152 0.159148216 0.931238770 6.810531616
0.838139474 -0.415389478 0.353516340 -7.033102036 0.444063723 0.895995200 -0.000001160 -5.336230278 -0.316748500 0.156984746 0.935428321 5.961909294
0.855655849 -0.397115618 0.331891656 -7.582105637 0.423976839 0.905623555 -0.009464052 -5.176829338 -0.296810508 0.148812324 0.943270028 4.388957977
0.867732942 -0.378115118 0.322596520 -7.928300858 0.402708769 0.915268600 -0.010436347 -5.677649021 -0.291316330 0.138968378 0.946479023 2.316687584
0.881193221 -0.355084091 0.312111735 -8.058664322 0.377754837 0.925810933 -0.013245920 -6.071857929 -0.284253061 0.129573941 0.949952960 3.451217890
0.889601827 -0.344724029 0.299623072 -8.213311195 0.367190331 0.929924011 -0.020312278 -5.981223106 -0.271624565 0.128088549 0.953841388 2.245309114
0.905521870 -0.321023732 0.277441710 -8.731567383 0.342716753 0.938886940 -0.032196119 -6.089379787 -0.250150740 0.124238230 0.960202873 -0.392285824
0.911972940 -0.311666638 0.266775459 -8.726778984 0.332353741 0.942503214 -0.035051204 -6.120930672 -0.240512490 0.120629579 0.963121057 -1.394579172
0.918869555 -0.301482856 0.254532576 -8.817892075 0.321883053 0.945861816 -0.041674137 -6.069663525 -0.228188604 0.120222822 0.966165841 -0.488964915
0.923251092 -0.294817835 0.246353090 -8.967176437 0.314580113 0.948201060 -0.044204418 -5.998505592 -0.220560029 0.118309580 0.968171537 -0.929879308
0.926648617 -0.288415611 0.241119415 -9.109622955 0.307543606 0.950468421 -0.045018960 -6.109816551 -0.216192201 0.115871519 0.969450712 -1.305417895
0.934202850 -0.277466625 0.224226177 -9.058362961 0.294768870 0.954407930 -0.047084607 -6.112048626 -0.200938821 0.110081486 0.973398983 -3.041343927
0.938342750 -0.268572450 0.217673123 -9.252832413 0.285357684 0.957160473 -0.049139902 -6.148604870 -0.195150509 0.108224779 0.974783897 -3.501535416
0.943893015 -0.259233207 0.204607263 -9.381422043 0.275004297 0.960018039 -0.052324686 -5.949265480 -0.182862386 0.105656773 0.977444649 -4.370111465
0.949380100 -0.248571590 0.192066744 -9.494033813 0.263634443 0.962942898 -0.056902036 -5.705498695 -0.170805097 0.104657061 0.979730844 -4.717191696
0.952262938 -0.244010240 0.183451176 -9.390035629 0.258198380 0.964377224 -0.057534605 -5.775258064 -0.162877113 0.102154866 0.981343687 -4.726244450
0.956921935 -0.234881863 0.170677930 -9.319626808 0.247583687 0.967182934 -0.057092965 -5.981735229 -0.151666686 0.096890576 0.983671427 -4.956672668
0.958115876 -0.229565158 0.171212405 -9.530888557 0.242248192 0.968538523 -0.057000156 -6.042088509 -0.152740568 0.096088648 0.983583808 -4.059847832
0.958878934 -0.227843612 0.169229224 -9.604148865 0.240300477 0.969028533 -0.056917507 -6.188429356 -0.151019633 0.095242858 0.983931839 -3.919448614
0.959251106 -0.228015497 0.166871652 -9.744372368 0.240309343 0.969000816 -0.057348099 -6.137062550 -0.148622498 0.095112041 0.984309435 -2.795216560
0.961698830 -0.221343026 0.161686972 -9.812676430 0.232963249 0.970836639 -0.056606624 -6.431503773 -0.144442171 0.092105635 0.985217273 -1.575561762
0.964461923 -0.217721447 0.149701789 -10.248023033 0.228201464 0.971967220 -0.056602567 -6.420474052 -0.133181602 0.088753186 0.987109661 0.480162442
0.966802895 -0.213204548 0.140840292 -10.339687347 0.222806409 0.973243594 -0.056162391 -6.445971966 -0.125097796 0.085678071 0.988438070 1.137096524
0.967229187 -0.212203175 0.139418349 -10.679008484 0.221628413 0.973533809 -0.055792529 -6.659657001 -0.123889126 0.084863231 0.988660514 2.438189507
0.967911124 -0.209700570 0.138469338 -11.067413330 0.218800232 0.974276125 -0.053968210 -6.899397373 -0.123590216 0.082533553 0.988895178 3.918526173
0.967622399 -0.211161539 0.138266906 -11.853959084 0.220408440 0.973843932 -0.055210561 -7.179701805 -0.122992009 0.083898164 0.988855004 7.180540085
0.967550457 -0.211148664 0.138788432 -12.180244446 0.220371336 0.973883331 -0.054660682 -7.347907066 -0.123622186 0.083471969 0.988812447 8.417213440
0.967783749 -0.210961640 0.137440324 -12.670553207 0.220010579 0.973991156 -0.054190073 -7.587805271 -0.122433610 0.082682595 0.989026666 10.149620056
0.967846811 -0.210260019 0.138069868 -13.384100914 0.219468415 0.974063337 -0.055082433 -7.739815235 -0.122907206 0.083613344 0.988889575 11.758397102
0.967761040 -0.210265070 0.138661921 -15.294536591 0.219491377 0.974072933 -0.054821711 -8.268739700 -0.123539746 0.083489411 0.988821268 15.057635307
0.967675745 -0.210654944 0.138665035 -16.014591217 0.219946906 0.973941684 -0.055325169 -8.405281067 -0.123397164 0.084035762 0.988792777 16.127342224
0.967893958 -0.209105894 0.139484957 -17.130714417 0.218402386 0.974314153 -0.054884404 -8.690700531 -0.124425493 0.083586134 0.988701999 17.833480835
0.967895031 -0.209346339 0.139116243 -18.156789780 0.218616799 0.974264383 -0.054914016 -8.907053947 -0.124039955 0.083564147 0.988752306 19.220388412
0.967905760 -0.208795875 0.139866278 -19.470367432 0.218142867 0.974363327 -0.055043146 -9.140071869 -0.124787807 0.083787419 0.988639414 20.469032288
0.967394590 -0.209740892 0.141973481 -20.653278351 0.219092175 0.974229634 -0.053621210 -9.370059013 -0.127068177 0.082978144 0.988417089 21.711605072
0.961086333 -0.222987637 0.163063183 -23.848787308 0.232114792 0.971906245 -0.038998783 -9.907629013 -0.149785876 0.075330570 0.985844612 22.818742752
0.957473576 -0.229675129 0.174625173 -25.095878601 0.238959044 0.970439434 -0.033850357 -10.155569077 -0.161688611 0.074139073 0.984053075 24.021898270
0.953501761 -0.237440720 0.185624257 -27.046047211 0.246499658 0.968766451 -0.027007559 -10.455380440 -0.173413858 0.071508072 0.982249618 24.780998230
0.949299216 -0.245987430 0.195758060 -28.639881134 0.254907310 0.966729701 -0.021352772 -10.751118660 -0.183992639 0.070170328 0.980419755 25.740680695
0.941117525 -0.262995362 0.212441474 -31.869663239 0.270895690 0.962571740 -0.008438839 -11.416271210 -0.202270746 0.065491408 0.977137387 27.093400955
0.937065482 -0.269741088 0.221693501 -33.021697998 0.277040660 0.960856318 -0.001907282 -11.674390793 -0.212501153 0.063205361 0.975114524 28.028192520
0.930202901 -0.283349544 0.233314902 -34.949466705 0.289807856 0.957060218 0.006868438 -12.034899712 -0.225242570 0.061227448 0.972376943 28.525856018
0.922109663 -0.300307631 0.243986100 -36.617706299 0.305506200 0.952034950 0.017186102 -12.561632156 -0.237444431 0.058691788 0.969626486 29.000251770
0.913329065 -0.316289544 0.256497353 -38.335224152 0.320820868 0.946805954 0.025146171 -12.967088699 -0.250806719 0.059322961 0.966217756 29.659488678
0.898898125 -0.342175096 0.273675770 -41.684482574 0.345226109 0.937728405 0.038528223 -13.889936447 -0.269816935 0.059847083 0.961049974 30.362104416
0.896667361 -0.343398780 0.279401302 -43.171962738 0.346330345 0.937239707 0.040457636 -14.073460579 -0.275759220 0.060488120 0.959321678 30.680751801
0.891246736 -0.356348366 0.280526280 -44.678112030 0.358054280 0.932516754 0.047005109 -14.732768059 -0.278345704 0.058550484 0.958694637 31.223312378
0.887772083 -0.361153096 0.285357773 -46.541431427 0.362008244 0.930738986 0.051719256 -15.246109009 -0.284272254 0.057386942 0.957024515 31.614753723
0.884134293 -0.367666602 0.288318932 -47.849208832 0.369139522 0.927953660 0.051362060 -15.411928177 -0.286430717 0.061018966 0.956155896 32.747142792
0.883499742 -0.370723993 0.286342442 -50.812107086 0.371671230 0.926839530 0.053188842 -16.207929611 -0.285111874 0.059432916 0.956649840 34.014343262
0.885898411 -0.363735229 0.287890077 -52.108196259 0.365765095 0.929429471 0.048752893 -15.923570633 -0.285306633 0.062110037 0.956421733 34.983386993
0.883497953 -0.368050933 0.289775431 -54.003585815 0.369163543 0.927855074 0.052946817 -16.644453049 -0.288356781 0.060196135 0.955629051 35.689964294
0.884449661 -0.367020905 0.288174093 -55.425216675 0.368352562 0.928247750 0.051694524 -16.748107910 -0.286469996 0.060428455 0.956181645 36.777572632
0.884431303 -0.367179900 0.288028061 -56.937938690 0.368869424 0.928108752 0.050492350 -16.926509857 -0.285861164 0.061587725 0.956289947 37.629829407
0.885421276 -0.364648968 0.288201571 -60.010482788 0.366042882 0.929193735 0.051100995 -17.456829071 -0.286429107 0.060248248 0.956205189 39.290061951
0.885252297 -0.364805639 0.288522571 -61.180747986 0.366279870 0.929109871 0.050930157 -17.686103821 -0.286648810 0.060593974 0.956117570 39.902355194
0.884706736 -0.366423249 0.288145751 -62.763103485 0.367772073 0.928487003 0.051532399 -18.022270203 -0.286422253 0.060380895 0.956198931 40.829864502
0.884859443 -0.366552949 0.287511200 -64.283775330 0.367941588 0.928433776 0.051280059 -18.301528931 -0.285731971 0.060411684 0.956403494 41.554771423
0.885094583 -0.365768611 0.287786126 -65.923171997 0.367110401 0.928757906 0.051368393 -18.557926178 -0.286072642 0.060183398 0.956315994 42.379104614
0.885448635 -0.364998102 0.287675351 -68.881767273 0.366354406 0.929067433 0.051168166 -19.038072586 -0.285946012 0.060084339 0.956360161 44.014396667
0.885056257 -0.365720183 0.287965715 -70.069648743 0.367187023 0.928748965 0.050981827 -19.258333206 -0.286092937 0.060615487 0.956282675 44.548355103
0.885255396 -0.365733325 0.287336111 -71.668815613 0.367001235 0.928793132 0.051510211 -19.591577530 -0.285714835 0.059852995 0.956443787 45.332294464
0.885080278 -0.366023034 0.287506342 -73.148246765 0.367424697 0.928645790 0.051147800 -19.823780060 -0.285712719 0.060367033 0.956412077 46.346035004
0.885484815 -0.365316808 0.287158638 -74.667968750 0.366580516 0.928964555 0.051417075 -20.104623795 -0.285543740 0.059737720 0.956502080 47.153602600
0.885415494 -0.365409583 0.287254453 -77.765457153 0.366911113 0.928875864 0.050656244 -20.577957153 -0.285333961 0.060545038 0.956513822 48.685523987
0.883805573 -0.367565632 0.289453179 -78.988670349 0.369809598 0.927812874 0.049031403 -20.810081482 -0.286580652 0.063708343 0.955935597 49.230484009
0.883645117 -0.366488487 0.291303128 -80.533195496 0.369696200 0.928009272 0.046084177 -21.056003571 -0.287221283 0.066971578 0.955520153 50.179924011
0.882741392 -0.367424369 0.292860180 -81.954269409 0.371181011 0.927479029 0.044804804 -21.279273987 -0.288084030 0.069153093 0.955104947 51.046054840
0.882317126 -0.368066460 0.293331921 -83.634201050 0.371811956 0.927213430 0.045068856 -21.566280365 -0.288569599 0.069299303 0.954947770 51.718921661
0.881791711 -0.368494540 0.294372380 -86.592681885 0.372116238 0.927054822 0.045811754 -22.184221268 -0.289780736 0.069144294 0.954592168 53.335739136
0.880838871 -0.368569523 0.297118366 -87.886398315 0.372530937 0.926908314 0.045404248 -22.415596008 -0.292136163 0.070691951 0.953760505 54.135215759
0.881223559 -0.368733615 0.295771420 -89.516044617 0.372806758 0.926830590 0.044721995 -22.647226334 -0.290620565 0.070855506 0.954211295 54.573360443
0.880692542 -0.369683832 0.296166420 -91.090782166 0.373732150 0.926441312 0.045066457 -22.963888168 -0.291041046 0.070997208 0.954072595 55.364158630
0.880426347 -0.370211065 0.296299189 -92.679634094 0.374372691 0.926194549 0.044819314 -23.194988251 -0.291023344 0.071466208 0.954042971 56.285896301
0.880855620 -0.369202256 0.296282113 -94.305999756 0.373302311 0.926625192 0.044844780 -23.519935608 -0.291099221 0.071101010 0.954047203 56.907165527
0.880223930 -0.370696187 0.296293795 -97.258338928 0.374716133 0.926029086 0.045364499 -24.128810883 -0.291193157 0.071095183 0.954018891 58.402767181
0.880462587 -0.369816542 0.296683908 -98.395256042 0.374445677 0.926236391 0.043319259 -24.339599609 -0.290819675 0.072951034 0.953992784 58.876529694
0.880689085 -0.367260158 0.299176663 -100.249778748 0.374039620 0.926693499 0.036517106 -24.618898392 -0.290656418 0.079743676 0.953498721 59.623043060
0.881765664 -0.364231437 0.299708009 -101.738777161 0.373404264 0.927237689 0.028274536 -24.890020370 -0.288199037 0.086980738 0.953611970 60.330932617
0.886168540 -0.354248494 0.298685759 -104.881530762 0.368816793 0.929466486 0.008129797 -25.366163254 -0.280498356 0.102955952 0.954316914 61.985206604
0.889379084 -0.346928596 0.297733516 -106.037338257 0.362840950 0.931849003 0.001954382 -25.622510910 -0.278120726 0.106291711 0.954647064 62.967742920
0.889485776 -0.346187085 0.298277497 -107.724449158 0.364551812 0.931161106 -0.006395424 -25.826866150 -0.275530487 0.114426233 0.954457700 63.512542725
0.891880274 -0.341047436 0.297045946 -109.334205627 0.361071527 0.932439625 -0.013554912 -26.315269470 -0.272354513 0.119344197 0.954766929 64.012512207
0.892523468 -0.340245306 0.296032220 -110.738349915 0.361629218 0.932129383 -0.018950569 -26.365386963 -0.269492418 0.123967730 0.954989970 65.072052002
0.894477308 -0.336606234 0.294289887 -112.360862732 0.358431816 0.933298171 -0.021934655 -26.784358978 -0.267276883 0.125102922 0.955464423 66.063941956
0.899402320 -0.327366620 0.289666265 -115.504760742 0.352086335 0.935266376 -0.036221992 -27.311563492 -0.259057254 0.134565711 0.956442058 67.312591553
0.900389612 -0.325454444 0.288752407 -116.604148865 0.350927711 0.935556650 -0.039793793 -27.571008682 -0.257193238 0.137161106 0.956576467 68.086013794
0.903136909 -0.321143836 0.284974575 -118.351821899 0.347855121 0.936358690 -0.047214597 -27.814249039 -0.251675725 0.141771093 0.957371533 69.131271362
0.902928829 -0.321087807 0.285696179 -119.871391296 0.348287642 0.936124206 -0.048656326 -28.050832748 -0.251824170 0.143437654 0.957084239 70.039443970
0.904689729 -0.318343759 0.283184946 -121.414642334 0.345915824 0.936825812 -0.051958412 -28.443485260 -0.248754323 0.144964397 0.957656860 70.817779541
0.907289505 -0.312842786 0.280989408 -124.493515015 0.342516333 0.937448323 -0.062235706 -29.007270813 -0.243943021 0.152709261 0.957690835 72.892730713
0.907506883 -0.312323600 0.280865163 -125.504623413 0.342402667 0.937372506 -0.063978076 -29.309480667 -0.243293434 0.154229522 0.957612455 73.690902710
0.907476664 -0.311290652 0.282106906 -127.263839722 0.342023283 0.937380493 -0.065862730 -29.675331116 -0.243939042 0.156255990 0.957119584 74.775680542
0.908249795 -0.310350746 0.280650407 -128.605697632 0.342461079 0.936737299 -0.072414398 -29.714147568 -0.240421832 0.161882222 0.957074463 76.013061523
0.908016622 -0.310709625 0.281007797 -130.110565186 0.342969537 0.936527789 -0.072716162 -30.071395874 -0.240578070 0.162404612 0.956946731 77.021820068
0.908697367 -0.310455561 0.279081315 -132.681869507 0.343424201 0.936022758 -0.076949462 -30.485946655 -0.237337068 0.165767044 0.957179368 78.877265930
0.908750892 -0.308634609 0.280920416 -134.020156860 0.341999620 0.936503530 -0.077442147 -30.782361984 -0.239181623 0.166450307 0.956601441 79.935974121
0.908731699 -0.310091853 0.279373705 -135.396499634 0.343737513 0.935693264 -0.079514615 -30.978683472 -0.236751288 0.168288663 0.956884325 80.753456116
0.908658326 -0.310868502 0.278748691 -136.785797119 0.344842911 0.935140371 -0.081215627 -31.173961639 -0.235421732 0.169921771 0.956923842 81.730262756
0.909655094 -0.309218198 0.277329534 -138.314575195 0.343092680 0.935710251 -0.082059115 -31.554536819 -0.234125912 0.169795245 0.957264125 82.717292786
0.909129798 -0.306968272 0.281519741 -141.776336670 0.343106717 0.935131967 -0.088351518 -31.948198318 -0.236137033 0.176914290 0.955479205 85.121261597
0.910280645 -0.305974305 0.278870791 -142.722579956 0.341721714 0.935585022 -0.088921808 -32.304821014 -0.233699515 0.176240012 0.956202924 85.747924805
0.909488797 -0.306978345 0.280347049 -144.551208496 0.343092620 0.935060501 -0.089159332 -32.564498901 -0.234771475 0.177274406 0.955748975 86.844512939
0.909850180 -0.307262540 0.278858900 -145.762908936 0.343356073 0.934863567 -0.090203628 -32.713203430 -0.232978851 0.177819714 0.956086278 87.746353149
0.910064220 -0.307228982 0.278196871 -147.219894409 0.342830598 0.935199797 -0.088704608 -33.198074341 -0.232917041 0.176101267 0.956419349 88.501014709
0.909346879 -0.306927800 0.280862212 -150.221069336 0.343580633 0.934708238 -0.090955451 -33.473274231 -0.234607503 0.179208875 0.955428421 91.000457764
0.908274293 -0.306549132 0.284719884 -151.316925049 0.344482869 0.934160948 -0.093139641 -33.592742920 -0.237422317 0.182677492 0.954075277 92.059967041
0.903864682 -0.310902566 0.293884814 -152.970794678 0.351453334 0.931302249 -0.095690459 -33.996070862 -0.243945166 0.189778030 0.951038837 92.562789917
0.898770213 -0.312963575 0.307027400 -155.048751831 0.356343538 0.929438353 -0.095726468 -34.440860748 -0.255404145 0.195443362 0.946874082 93.371292114
0.896500051 -0.314655542 0.311896652 -156.692840576 0.359791309 0.927861571 -0.098096885 -34.637027740 -0.258530200 0.200161576 0.945038319 93.855644226
0.891793191 -0.318436563 0.321408033 -159.883132935 0.365371555 0.925847471 -0.096488379 -35.395603180 -0.266849428 0.203481033 0.942012131 95.327377319
0.889887750 -0.317984909 0.327086270 -161.139526367 0.366335422 0.925412178 -0.097008765 -35.649028778 -0.271842271 0.206150204 0.940002143 95.748847961
0.885550201 -0.321084172 0.335716754 -163.052917480 0.371344566 0.923488557 -0.096291460 -36.054412842 -0.279112935 0.209937543 0.937028348 96.668014526
0.879291415 -0.324337900 0.348785758 -165.035705566 0.376306325 0.921984613 -0.091312148 -36.647220612 -0.291959107 0.211540282 0.932743490 97.252243042
0.873343289 -0.331569284 0.356837809 -166.651397705 0.385769129 0.918089092 -0.091074392 -36.753822327 -0.297411412 0.217196226 0.929716229 97.262023926
0.864100516 -0.336573511 0.374230713 -169.993499756 0.394205987 0.914854109 -0.087427273 -37.336635590 -0.312940806 0.223069966 0.923205197 98.416458130
0.859407902 -0.339017659 0.382733732 -171.669586182 0.397007346 0.914171517 -0.081704438 -38.023200989 -0.322185040 0.222165540 0.920238733 98.976066589
0.857509375 -0.341955602 0.384374887 -173.455917358 0.400816798 0.912440956 -0.082445174 -38.078956604 -0.322526842 0.224761397 0.919488311 98.704254150
0.853505194 -0.343476444 0.391858101 -175.778320312 0.402475387 0.912180305 -0.077074684 -38.681278229 -0.330971926 0.223496899 0.916791618 98.917091370
0.850598752 -0.345938981 0.395989865 -177.697128296 0.405249774 0.911166310 -0.074489236 -39.127281189 -0.335043937 0.223835215 0.915228605 99.259735107
0.847875714 -0.345415592 0.402237326 -181.408828735 0.406024605 0.910889983 -0.073645137 -39.544139862 -0.340955675 0.225760147 0.912568688 99.964622498
0.845146596 -0.346558869 0.406969547 -183.176269531 0.407656908 0.910342216 -0.071363285 -39.914329529 -0.345749974 0.226216391 0.910649836 99.892456055
0.843101680 -0.349188805 0.408958405 -185.239898682 0.410047978 0.909465253 -0.068801604 -40.562381744 -0.347908676 0.225699320 0.909955680 100.155746460
0.842900217 -0.349902511 0.408763289 -186.863739014 0.410582155 0.909260511 -0.068321340 -40.934982300 -0.347766459 0.225419015 0.910079539 100.940467834
0.842470706 -0.349563420 0.409937143 -188.826110840 0.410814792 0.909099281 -0.069063351 -41.197257996 -0.348531485 0.226592109 0.909495294 101.561454773
0.839931905 -0.350348115 0.414452195 -192.453964233 0.412726849 0.908263803 -0.068654351 -41.864978790 -0.352378964 0.228720546 0.907477856 102.560264587
0.839907229 -0.349636525 0.415102541 -194.026138306 0.411961794 0.908644497 -0.068210602 -42.179389954 -0.353331774 0.228296965 0.907213986 102.714508057
0.839975297 -0.348130196 0.416229278 -196.027709961 0.410739571 0.909178197 -0.068468750 -42.480606079 -0.354590565 0.228473902 0.906678081 103.466316223
0.839721918 -0.348857850 0.416131318 -197.921295166 0.411416769 0.908888042 -0.068254717 -42.851383209 -0.354405552 0.228518352 0.906739295 103.893562317
0.838999271 -0.349944234 0.416676313 -199.715774536 0.412421018 0.908493996 -0.067435302 -43.278881073 -0.354949355 0.228424236 0.906550229 104.490600586
0.838691235 -0.348962009 0.418117851 -203.461196899 0.411793888 0.908770442 -0.067544684 -43.894222260 -0.356402606 0.228827521 0.905878067 105.545516968
0.838034332 -0.349238157 0.419202983 -204.935501099 0.412353724 0.908523440 -0.067450680 -44.149890900 -0.357299417 0.229385912 0.905383408 106.002449036
0.838265121 -0.348128319 0.419664502 -206.890823364 0.411565214 0.908826530 -0.068179600 -44.423622131 -0.357666969 0.229871884 0.905115128 106.730728149
0.838573098 -0.347884297 0.419251472 -208.722946167 0.411074907 0.909069657 -0.067895599 -44.781799316 -0.357508957 0.229279190 0.905327797 107.134277344
0.837817311 -0.347776324 0.420848846 -210.485946655 0.411266088 0.909007788 -0.067564271 -45.106754303 -0.359057695 0.229687318 0.904611111 107.882545471
0.836433291 -0.349574327 0.422110379 -214.445724487 0.413370878 0.908089042 -0.067073666 -45.881053925 -0.359866560 0.230590731 0.904059649 108.593933105
0.837213099 -0.346572757 0.423038483 -215.804626465 0.410470843 0.909384489 -0.067331009 -46.055213928 -0.361369520 0.230015352 0.903606653 109.384857178
0.835697949 -0.347288132 0.425440878 -217.702011108 0.411448807 0.909027576 -0.066172168 -46.492691040 -0.363756657 0.230347037 0.902563691 110.136940002
0.831427991 -0.349084020 0.432282090 -219.867340088 0.414352208 0.907877803 -0.063797131 -46.823871613 -0.370188773 0.232159749 0.899478793 110.354606628
0.828076303 -0.351002365 0.437135100 -222.119567871 0.417097807 0.906741619 -0.062040985 -47.235450745 -0.374592066 0.233702749 0.897253513 110.540504456
0.822642624 -0.354820222 0.444254071 -224.688125610 0.421614021 0.904920459 -0.057970364 -47.946765900 -0.381445557 0.234992638 0.894023359 110.341369629
0.813215375 -0.359813541 0.457400501 -229.325256348 0.428610802 0.901962638 -0.052502118 -48.843723297 -0.393667191 0.238742277 0.887709618 110.412742615
0.809756994 -0.364528835 0.459796011 -231.252914429 0.432624787 0.900287211 -0.048152409 -49.477115631 -0.396395564 0.237910882 0.886718094 110.094146729
0.804406524 -0.366825104 0.467300206 -234.226882935 0.436160207 0.898727417 -0.045311972 -50.083980560 -0.403353959 0.240266979 0.882936776 109.917900085
0.801672757 -0.366267860 0.472407192 -236.414840698 0.436660916 0.898531735 -0.044359647 -50.271465302 -0.408225417 0.241843671 0.880263329 110.105766296
0.797675431 -0.366264045 0.479129016 -239.122009277 0.438077450 0.897911429 -0.042934060 -50.508560181 -0.414490223 0.244143054 0.876693785 110.091720581
0.788693666 -0.369784057 0.491143614 -244.309738159 0.442933112 0.895797968 -0.036825713 -51.587478638 -0.426347882 0.246587932 0.870299995 109.541587830
0.786239088 -0.369751334 0.495087802 -246.081146240 0.443531096 0.895554543 -0.035526954 -51.712200165 -0.430242002 0.247519508 0.868116319 109.416053772
0.778682232 -0.373496979 0.504136860 -249.429656982 0.448318988 0.893349171 -0.030616404 -52.570426941 -0.438935161 0.249854639 0.863080800 108.826446533
0.771291137 -0.376248240 0.513368487 -252.894073486 0.452790439 0.891204596 -0.027113160 -53.003124237 -0.447315037 0.253360450 0.857739806 107.759536743
0.763257921 -0.377210259 0.524547279 -256.082031250 0.455184430 0.890119612 -0.022230320 -53.409702301 -0.458524317 0.255733162 0.851090968 107.184585571
0.752035677 -0.379788131 0.538705289 -260.077911377 0.459200531 0.888208389 -0.014858189 -54.100734711 -0.472839564 0.258547604 0.842363238 105.883758545
0.747002423 -0.381000847 0.544817269 -264.731781006 0.463189304 0.886125624 -0.015397766 -54.692150116 -0.476909935 0.263855696 0.838413417 105.730346680
0.746937573 -0.380233884 0.545441568 -266.691650391 0.461948305 0.886789799 -0.014408586 -55.118770599 -0.478213370 0.262728065 0.838025033 105.721771240
0.747915924 -0.379969209 0.544284165 -267.556518555 0.461842209 0.886826158 -0.015529504 -55.225067139 -0.476784647 0.262988150 0.838757217 107.087036133
0.746758938 -0.380237550 0.545683682 -270.511749268 0.462673753 0.886392891 -0.015514306 -55.745445251 -0.477790862 0.264058888 0.837847769 106.978622437
0.746545315 -0.380723894 0.545636714 -272.938385010 0.462477505 0.886517465 -0.014189097 -56.280426025 -0.478314310 0.262937516 0.837901711 106.817276001
0.747638583 -0.378678828 0.545562923 -274.901367188 0.460210979 0.887690842 -0.014520107 -56.477111816 -0.478792757 0.261929750 0.837944090 107.144317627
0.746852279 -0.379948914 0.545756757 -278.900939941 0.461713731 0.886912346 -0.014384758 -57.286151886 -0.478572935 0.262726694 0.837820172 107.610763550
0.747186780 -0.378457546 0.546334863 -280.669433594 0.460406244 0.887584686 -0.014819397 -57.390110016 -0.479309916 0.262608796 0.837435722 107.729019165
0.746804118 -0.379299670 0.546274006 -282.798767090 0.461267471 0.887140751 -0.014615905 -57.847133636 -0.479078144 0.262893647 0.837478995 108.226005554
0.746124923 -0.380108297 0.546639979 -284.832275391 0.462158203 0.886682868 -0.014254765 -58.251316071 -0.479277998 0.263269961 0.837246418 108.358558655
0.744186819 -0.382256210 0.547782898 -287.012451172 0.464208424 0.885635972 -0.012629099 -58.730522156 -0.480308592 0.263683885 0.836525261 108.572715759
0.732536018 -0.390984327 0.557245255 -293.095733643 0.471913189 0.881643295 -0.001767154 -60.050476074 -0.490600586 0.264265925 0.830346167 106.659347534
0.730712116 -0.391455472 0.559305251 -295.154083252 0.471564591 0.881830812 0.001107628 -60.129383087 -0.493646175 0.262939215 0.828961074 106.314315796
0.725237787 -0.398291081 0.561599731 -297.393554688 0.474940360 0.879952490 0.010741553 -60.714389801 -0.498459339 0.258936256 0.827339411 106.310089111
0.722251356 -0.403538316 0.561702490 -299.788452148 0.478257746 0.878076077 0.015871581 -61.122486115 -0.499622434 0.257175386 0.827186882 106.141090393
0.720477581 -0.407342702 0.561234415 -301.970642090 0.479529768 0.877271056 0.021131201 -61.592731476 -0.500962317 0.253904045 0.827387094 106.448417664
0.719608307 -0.412349612 0.558687449 -303.258422852 0.480353117 0.876618683 0.028293606 -62.174465179 -0.501422703 0.248006955 0.828895569 107.534034729
0.722577393 -0.418825299 0.549970210 -306.164428711 0.479100436 0.876922131 0.038347516 -62.896068573 -0.498341978 0.235781923 0.834303319 109.384963989
0.724047124 -0.419604719 0.547437310 -306.872558594 0.478256077 0.877313435 0.039903987 -63.252616882 -0.497018039 0.232922867 0.835894704 110.393157959
0.723439693 -0.419950694 0.547974825 -310.918121338 0.477975339 0.877397835 0.041384310 -64.076484680 -0.498171359 0.231979400 0.835470438 109.934822083
0.724977791 -0.421546966 0.544706583 -309.972778320 0.477801025 0.877410293 0.043095600 -64.038154602 -0.496097952 0.229017988 0.837518692 112.957893372
0.723610044 -0.423338413 0.545135796 -311.812011719 0.478565663 0.876861513 0.045702897 -64.653755188 -0.497356415 0.227812231 0.837101042 114.187431335
0.724766493 -0.424879044 0.542394042 -313.898620605 0.478449136 0.876827717 0.047533367 -65.735481262 -0.495782107 0.225057393 0.838778436 117.419532776
0.724504948 -0.424813420 0.542794704 -314.886688232 0.478526622 0.876787841 0.047488198 -66.052467346 -0.496089518 0.225336343 0.838521659 118.822113037
0.724425912 -0.424760163 0.542941749 -316.217315674 0.478514642 0.876794934 0.047480341 -66.608459473 -0.496216297 0.225409642 0.838427007 120.623001099
0.724556506 -0.424806029 0.542731583 -317.621337891 0.478648812 0.876735091 0.047231793 -67.080520630 -0.495896220 0.225555733 0.838577092 122.286666870
0.724655628 -0.424879283 0.542541862 -318.810119629 0.478609145 0.876750648 0.047344476 -67.648002625 -0.495789677 0.225357085 0.838693380 123.851776123
0.723636985 -0.426357001 0.542742372 -319.932861328 0.480285287 0.875817418 0.047644410 -68.335540771 -0.495656759 0.226193950 0.838546753 125.639801025
0.725346327 -0.423713475 0.542530715 -321.651062012 0.477288097 0.877479017 0.047187313 -68.888465881 -0.496053189 0.224716261 0.838709593 129.510009766
0.725295663 -0.423668504 0.542633533 -322.630645752 0.477293879 0.877478361 0.047141775 -69.351150513 -0.496121645 0.224803939 0.838645637 130.837585449
0.724632025 -0.423867971 0.543363988 -324.608581543 0.477540046 0.877323210 0.047534090 -70.068191528 -0.496853918 0.225033328 0.838150442 132.287322998
0.725111842 -0.423704565 0.542851031 -325.396118164 0.477248281 0.877488554 0.047411766 -70.453010559 -0.496434093 0.224695906 0.838489592 134.329849243
0.724752128 -0.424358994 0.542820156 -326.737579346 0.478249490 0.876963317 0.047041152 -71.222824097 -0.495995581 0.225510269 0.838530421 136.841522217
0.725521624 -0.423094511 0.542779267 -329.025756836 0.476913750 0.877709091 0.046690539 -72.093391418 -0.496156842 0.224983871 0.838576496 139.490219116
0.725000501 -0.423892945 0.542852581 -330.175750732 0.477591574 0.877312243 0.047217786 -72.888793945 -0.496266633 0.225028932 0.838499606 141.342575073
0.725048721 -0.423504233 0.543091476 -331.890533447 0.476856202 0.877680957 0.047795795 -73.842071533 -0.496902674 0.224322334 0.838312149 143.457473755
0.724871755 -0.423245996 0.543528974 -333.296997070 0.476798922 0.877722442 0.047604583 -74.308441162 -0.497215986 0.224646807 0.838039398 145.767303467
0.725599587 -0.421973675 0.543547153 -335.312286377 0.475481749 0.878456414 0.047238208 -74.705162048 -0.497415751 0.224170700 0.838048339 145.624725342
0.725689411 -0.422048330 0.543369174 -337.051727295 0.475353956 0.878511012 0.047508731 -75.573760986 -0.497406781 0.223816082 0.838148475 146.681060791
0.724253058 -0.423489273 0.544163704 -339.021301270 0.477285326 0.877456665 0.047629207 -77.179565430 -0.497650653 0.225225791 0.837625980 153.959075928
0.723415017 -0.424291998 0.544653058 -339.849945068 0.478306770 0.876890063 0.047816139 -78.019027710 -0.497888893 0.225920320 0.837297261 156.211135864
0.724073350 -0.424026996 0.543984115 -341.018890381 0.476093262 0.877936125 0.050630394 -78.762390137 -0.499051929 0.222327083 0.837566555 159.418884277
0.723275065 -0.424989700 0.544294894 -342.681976318 0.476476789 0.877641261 0.052112833 -79.799903870 -0.499843121 0.221652001 0.837273657 162.372528076
0.724970400 -0.426429659 0.540902674 -343.092163086 0.476062328 0.877756476 0.053928964 -80.115066528 -0.497777671 0.218406498 0.839354515 165.251785278
0.723662496 -0.429507136 0.540218651 -343.633239746 0.475871265 0.877454638 0.060166113 -81.661308289 -0.499859184 0.213534623 0.839371026 171.266189575
0.721794784 -0.433738589 0.539335728 -345.488464355 0.478184283 0.875891924 0.064444490 -82.945922852 -0.500351965 0.211386189 0.839621186 176.907592773
0.720372558 -0.434519738 0.540606976 -345.862579346 0.477468520 0.876023173 0.067875959 -83.722640991 -0.503077686 0.209226817 0.838532627 181.233963013
0.717102051 -0.437754542 0.542342603 -347.231079102 0.479877591 0.874433815 0.071294762 -84.963706970 -0.505452394 0.209132433 0.837126970 184.446609497
0.716031551 -0.438652933 0.543030679 -347.274749756 0.479787737 0.874292016 0.073601037 -85.721961975 -0.507052720 0.207838759 0.836481094 188.153533936
0.712046802 -0.443154842 0.544612825 -347.798431396 0.483277678 0.872011662 0.077706419 -86.152519226 -0.509344697 0.207868621 0.835079968 192.041336060
