1.000000000 0.000000000 0.000000000 0.000000000 0.000000000 1.000000000 0.000000000 0.000000000 0.000000000 0.000000000 1.000000000 0.000000000
0.997318745 -0.021027789 0.070093378 0.086104520 0.021097476 0.999777377 -0.000253957 -0.067307569 -0.070072435 0.001732070 0.997540355 0.409002185
0.988759339 -0.055883840 0.138679534 0.222015858 0.056089353 0.998422742 0.002428859 -0.144422978 -0.138596565 0.005376887 0.990334451 0.790018141
0.973106563 -0.088639848 0.212618306 0.370382369 0.089337684 0.995981157 0.006342542 -0.201167673 -0.212326095 0.012822860 0.977114737 1.221900344
0.954431236 -0.122780263 0.272003621 0.539679050 0.123829491 0.992213368 0.013372985 -0.268535793 -0.271527588 0.020918472 0.962203264 1.590703964
0.954759777 -0.118885599 0.272580087 0.668429136 0.119731300 0.992713273 0.013591141 -0.355245084 -0.272209644 0.019660098 0.962037086 2.051650047
0.954564750 -0.117611304 0.273813188 0.801159859 0.118035823 0.992896259 0.014984651 -0.440922618 -0.273630470 0.018015943 0.961666167 2.523149014
0.954002500 -0.119124040 0.275115907 0.946253836 0.119220831 0.992731869 0.016433941 -0.542429924 -0.275073916 0.017121527 0.961270630 3.029494286
0.953793526 -0.120902620 0.275064647 1.087124109 0.120762818 0.992526889 0.017509846 -0.629757047 -0.275126129 0.016516807 0.961266279 3.493675232
0.951069891 -0.118011519 0.285550952 1.235622048 0.117266469 0.992903650 0.019770473 -0.729680955 -0.285857797 0.014682445 0.958159566 4.028533936
0.936750710 -0.133673832 0.323464483 1.423884869 0.132252187 0.990862370 0.026479183 -0.814748645 -0.324048340 0.017974477 0.945869744 4.493113995
0.931580842 -0.139133051 0.335855693 1.631309032 0.136709899 0.990126729 0.030974740 -0.905893624 -0.336849272 0.017059322 0.941403925 4.875517845
0.918801129 -0.155402750 0.362842202 1.821553349 0.152354985 0.987625718 0.037194733 -0.983770728 -0.364132434 0.021106260 0.931107998 5.251276016
0.917715967 -0.150140971 0.367770404 2.014323950 0.147891060 0.988402724 0.034471873 -1.028751969 -0.368680924 0.022754584 0.929277480 5.640212059
0.914212704 -0.149810076 0.376526058 2.187829256 0.148177236 0.988394022 0.033479385 -1.109055758 -0.377171636 0.025185307 0.925800860 6.087775707
0.911012471 -0.151421472 0.383572251 2.375644922 0.150155127 0.988096833 0.033437986 -1.193796873 -0.384069711 0.027132906 0.922905326 6.545409203
0.908895493 -0.150759846 0.388819367 2.563810110 0.150217861 0.988135219 0.031991113 -1.272641063 -0.389029056 0.029331043 0.920758367 7.003476143
0.906512678 -0.149138570 0.394958675 2.744998217 0.149197906 0.988328815 0.030758016 -1.341049671 -0.394936264 0.031044491 0.918183804 7.424863815
0.902966142 -0.150613099 0.402452290 2.913595438 0.150814563 0.988063514 0.031394623 -1.416208625 -0.402376860 0.032347381 0.914902389 7.815372467
0.896386981 -0.158099756 0.414119303 3.097967625 0.158549964 0.986781240 0.033535615 -1.485763073 -0.413947135 0.035597708 0.909604669 8.217676163
0.886086166 -0.165146708 0.433102489 3.242062330 0.166341677 0.985431373 0.035436608 -1.531390190 -0.432644933 0.040643103 0.900647819 8.519698143
0.881234229 -0.168741152 0.441534460 3.407481909 0.170075953 0.984740138 0.036892761 -1.593389630 -0.441022009 0.042583223 0.896485507 8.851081848
0.875346780 -0.174605399 0.450866878 3.578865767 0.176788226 0.983528256 0.037657134 -1.643616080 -0.450015455 0.046744879 0.891796410 9.162903786
0.868028164 -0.180843666 0.462409556 3.749876499 0.182976797 0.982275367 0.040676594 -1.707444668 -0.461569607 0.049301788 0.885732889 9.475400925
0.860670269 -0.182607457 0.475290626 3.913305283 0.185987100 0.981721699 0.040388256 -1.738767862 -0.473978400 0.053636957 0.878901362 9.762182236
0.855400205 -0.182796121 0.484640032 4.056648731 0.186187372 0.981632054 0.041626383 -1.791131020 -0.483347386 0.054626625 0.873722553 10.034237862
0.851284921 -0.185844615 0.490689099 4.237284660 0.189654127 0.980930924 0.042493436 -1.843425751 -0.489229292 0.056887191 0.870297968 10.340758324
0.846461833 -0.188426673 0.497993737 4.397040844 0.193048865 0.980256736 0.042767614 -1.890306830 -0.496220231 0.059935957 0.866125405 10.630784035
0.842906475 -0.190817848 0.503087640 4.554748535 0.196571022 0.979581058 0.042200539 -1.934965491 -0.500867784 0.063321359 0.863204479 10.904273033
0.839213967 -0.191120401 0.509109855 4.717880249 0.196445346 0.979531646 0.043897830 -1.986286759 -0.507079005 0.063172564 0.859581351 11.171633720
0.828797638 -0.195422783 0.524313450 4.882241249 0.200558528 0.978520453 0.047686622 -2.020443439 -0.522370338 0.065632969 0.850189030 11.422599792
0.817000806 -0.204723090 0.539071500 5.026599884 0.211843193 0.976043761 0.049608760 -2.054304838 -0.536313474 0.073668242 0.840797782 11.622224808
0.814286470 -0.203683689 0.543553531 5.232016563 0.210112393 0.976341128 0.051095389 -2.107105017 -0.541100979 0.072601050 0.837817907 11.951687813
0.808112979 -0.208416492 0.550922871 5.405189514 0.213532150 0.975343466 0.055760227 -2.153791666 -0.548960328 0.072579160 0.832691312 12.222542763
0.804569364 -0.207629323 0.556379676 5.571076393 0.213261828 0.975411177 0.055609610 -2.199060917 -0.554245055 0.073912755 0.829065323 12.466297150
0.799849391 -0.209603101 0.562412143 5.743079662 0.215101212 0.974902153 0.057420421 -2.241302729 -0.560332298 0.075047851 0.824860871 12.744456291
0.797436833 -0.211991534 0.564937174 5.908112526 0.217589840 0.974287927 0.058460694 -2.282355070 -0.562804639 0.076305903 0.823060334 12.986445427
0.794537187 -0.213333681 0.568506122 6.067816734 0.219151288 0.973894835 0.059173793 -2.312136650 -0.566288888 0.077573061 0.820548117 13.229036331
0.795201778 -0.212728903 0.567803323 6.215808392 0.219200850 0.973959684 0.057908278 -2.346980095 -0.565336466 0.078414209 0.821124911 13.448649406
0.795630455 -0.211104363 0.567809045 6.376889229 0.217600912 0.974351883 0.057343192 -2.393920422 -0.565351188 0.077931784 0.821160555 13.716347694
0.796440601 -0.213043645 0.565945923 6.610205650 0.218117818 0.974092603 0.059734259 -2.450582504 -0.564009786 0.075868100 0.822275519 14.073008537
0.807272077 -0.210065678 0.551528811 6.798560143 0.214546949 0.975029349 0.057335921 -2.513120651 -0.549801171 0.072043143 0.832183003 14.384798050
0.822926879 -0.205441579 0.529702604 6.958884239 0.208974183 0.976426601 0.054045562 -2.583940029 -0.528318882 0.066218615 0.846459806 14.679757118
0.841085017 -0.192745373 0.505396068 7.131773949 0.196739972 0.979371727 0.046091203 -2.653925896 -0.503854513 0.060664989 0.861655593 15.027523041
0.850819528 -0.192873552 0.488780081 7.347603798 0.196736619 0.979466796 0.044039954 -2.724976778 -0.487237960 0.058690902 0.871294677 15.416854858
0.854628384 -0.191977635 0.482446820 7.542887688 0.196213692 0.979650676 0.042245574 -2.785698652 -0.480739623 0.058558412 0.874905944 15.779064178
0.866291165 -0.188551232 0.462588400 7.667510509 0.192430422 0.980523467 0.039296575 -2.846336603 -0.460988194 0.054973811 0.885701835 16.022897720
0.884855032 -0.167002991 0.434904099 7.680115700 0.170431346 0.984868288 0.031429641 -2.964780331 -0.433572114 0.046310626 0.899928093 16.301830292
0.890046120 -0.170114905 0.422940612 7.821011066 0.172294855 0.984479189 0.033395268 -3.053992748 -0.422057331 0.043147165 0.905541778 16.723455429
0.897209704 -0.166866139 0.408864856 7.998971939 0.170549631 0.984958768 0.027729174 -3.141215324 -0.407341987 0.044852868 0.912173569 17.138927460
0.898668706 -0.169888183 0.404391587 8.194961548 0.174449325 0.984326720 0.025849592 -3.221887589 -0.402445078 0.047315620 0.914220572 17.575410843
0.898034275 -0.175681710 0.403324187 8.391411781 0.180755094 0.983189762 0.025796069 -3.303817987 -0.401076108 0.049737155 0.914693475 17.995546341
0.901104331 -0.177600116 0.395561904 8.562020302 0.183345914 0.982765675 0.023575395 -3.383008957 -0.392931670 0.051280759 0.918136716 18.379253387
0.906835437 -0.178030729 0.382040054 8.736742020 0.185099930 0.982545495 0.018501025 -3.464935780 -0.378665477 0.053938184 0.923960567 18.777214050
0.911263466 -0.174745739 0.372911215 8.886539459 0.183462873 0.982949734 0.012290448 -3.539720774 -0.368700713 0.057215538 0.927785635 19.155544281
0.918386102 -0.175811604 0.354481518 9.064387321 0.185299367 0.982655048 0.007294529 -3.630235195 -0.349615544 0.058986012 0.935034573 19.593372345
0.927610219 -0.172016144 0.331586659 9.226877213 0.180869401 0.983498037 0.004225818 -3.720081806 -0.326841712 0.056053963 0.943415284 20.034540176
0.940173447 -0.158747613 0.301451594 9.370775223 0.167795897 0.985812843 -0.004185800 -3.819465399 -0.296510369 0.054517724 0.953472257 20.509254456
0.943691313 -0.154951274 0.292295694 9.535113335 0.163559705 0.986520290 -0.005088243 -3.936676741 -0.287567198 0.052609529 0.956314445 21.071063995
0.947158635 -0.156386316 0.280060798 9.705858231 0.164615929 0.986339808 -0.005953410 -4.054828644 -0.275304079 0.051741291 0.959963799 21.625776291
0.949838877 -0.152142897 0.273237348 9.829672813 0.160519764 0.986996591 -0.008429807 -4.150977135 -0.268401831 0.051866941 0.961909652 22.076717377
0.952628791 -0.150052354 0.264542341 9.948870659 0.158702746 0.987259328 -0.011507333 -4.244287968 -0.259445190 0.052945804 0.964305401 22.523086548
0.959488809 -0.141149819 0.243839920 10.025445938 0.149170876 0.988702893 -0.014651240 -4.338943005 -0.239017233 0.050431520 0.969704747 22.874895096
0.962248564 -0.135472134 0.236061409 10.102414131 0.143213749 0.989564359 -0.015880715 -4.429296494 -0.231446579 0.049088437 0.971608281 23.282619476
0.968406260 -0.129493624 0.213121086 10.172012329 0.136471972 0.990474880 -0.018300023 -4.522420883 -0.208721325 0.046806909 0.976854384 23.647377014
0.973110437 -0.124604754 0.193726510 10.236835480 0.131070346 0.991153359 -0.020872010 -4.606748581 -0.189411938 0.045702569 0.980833471 24.005804062
0.975793302 -0.121952832 0.181534886 10.307873726 0.128049359 0.991519153 -0.022205845 -4.703748703 -0.177287266 0.044913746 0.983133674 24.418849945
0.980466068 -0.114396177 0.159999207 10.356258392 0.120002605 0.992438316 -0.025795870 -4.802464962 -0.155838400 0.044492293 0.986780047 24.823240280
0.981622219 -0.114268474 0.152841657 10.430490494 0.119623460 0.992471337 -0.026281079 -4.913739204 -0.148687884 0.044081535 0.987901151 25.314611435
0.983723521 -0.111523412 0.140892982 10.494006157 0.116468318 0.992818534 -0.027326478 -5.025575638 -0.136833668 0.043291271 0.989647567 25.792613983
0.984492242 -0.114016555 0.133323565 10.547180176 0.119114757 0.992400050 -0.030883616 -5.121044159 -0.128789052 0.046285484 0.990591228 26.214637756
0.988669813 -0.110431075 0.101670057 10.582548141 0.114478827 0.992813826 -0.034860719 -5.212022305 -0.097089753 0.046104811 0.994207144 26.496118546
0.992177486 -0.101162694 0.073142603 10.602520943 0.104522586 0.993563712 -0.043659769 -5.307533741 -0.068255089 0.050963290 0.996365368 26.857789993
0.993226111 -0.097651161 0.062976919 10.632682800 0.100799777 0.993703365 -0.048917498 -5.393424988 -0.057803538 0.054934189 0.996815443 27.245033264
0.994624853 -0.098298863 0.032541253 10.645781517 0.099907488 0.993627548 -0.052179236 -5.495129108 -0.027204735 0.055149868 0.998107374 27.597537994
0.995768726 -0.089919887 0.018948345 10.645517349 0.090854026 0.994279563 -0.056156944 -5.592294216 -0.013790328 0.057640858 0.998242140 27.977121353
0.995884418 -0.089759491 0.012548463 10.662194252 0.090313196 0.994429111 -0.054353565 -5.696545601 -0.007599810 0.055263162 0.998442948 28.386444092
0.995956481 -0.089796342 0.002712774 10.668624878 0.089813940 0.994554341 -0.052867733 -5.793580532 0.002049328 0.052897610 0.998597860 28.769695282
0.996606350 -0.081778876 -0.009379931 10.654686928 0.081123069 0.995099187 -0.056538574 -5.894539833 0.013957623 0.055585776 0.998356342 29.151947021
0.996106088 -0.082578555 -0.030880973 10.652137756 0.080629222 0.994949520 -0.059785660 -6.009802818 0.035662025 0.057062946 0.997733474 29.593191147
0.995817184 -0.078185380 -0.047280837 10.637656212 0.074792668 0.994759798 -0.069708019 -6.098367691 0.052483227 0.065880194 0.996446371 29.895259857
0.995606303 -0.074767828 -0.056372106 10.617904663 0.070184328 0.994375467 -0.079318427 -6.190202713 0.061985511 0.075013481 0.995254099 30.214382172
0.995437860 -0.068423890 -0.066494457 10.603969574 0.062431723 0.994130194 -0.088358700 -6.266736031 0.072149992 0.083804250 0.993866801 30.470720291
0.994677186 -0.066321284 -0.078859396 10.584615707 0.058575097 0.993580461 -0.096782610 -6.354472160 0.084771894 0.091648266 0.992176473 30.790437698
0.991907537 -0.058422808 -0.112722911 10.553301811 0.046782549 0.993551373 -0.103280708 -6.427284241 0.118029997 0.097171448 0.988244176 30.963783264
0.990188003 -0.050256316 -0.130391970 10.510755539 0.036439363 0.993669868 -0.106266901 -6.516685486 0.134907156 0.100472823 0.985751152 31.290178299
0.989156902 -0.047632907 -0.138924062 10.470481873 0.032939486 0.993797958 -0.106210329 -6.592793465 0.143121555 0.100482568 0.984591126 31.575519562
0.988674998 -0.044882856 -0.143203646 10.434795380 0.029906550 0.994014978 -0.105069824 -6.667194366 0.147062391 0.099597186 0.984100044 31.786502838
0.988014042 -0.042928956 -0.148274586 10.405664444 0.027494231 0.994132340 -0.104619227 -6.733363628 0.151895776 0.099288568 0.983396888 32.024059296
0.987747550 -0.037215836 -0.151558056 10.368896484 0.021476492 0.994325221 -0.104193047 -6.795135975 0.154575616 0.099661484 0.982941568 32.231861115
