1.000000000 0.000000000 0.000000000 0.000000000 0.000000000 1.000000000 0.000000000 0.000000000 0.000000000 0.000000000 1.000000000 0.000000000
0.999846220 0.017085655 -0.003955934 0.404604793 -0.017102478 0.999844670 -0.004258481 0.021873139 0.003882561 0.004325483 0.999983132 1.758884788
0.999555826 0.029011291 -0.006820589 0.368825525 -0.029062282 0.999549448 -0.007499788 -0.008756377 0.006599938 0.007694678 0.999948621 4.379545689
0.999115586 0.040843930 -0.009988967 1.499871850 -0.040955804 0.999097466 -0.011263941 0.520257890 0.009519888 0.011663086 0.999886692 1.994186640
0.999077916 0.041821297 -0.009713669 1.443444371 -0.041928239 0.999059200 -0.011079744 0.274250895 0.009241161 0.011476805 0.999891460 5.137518406
0.998619735 0.051055290 -0.012328263 2.403100014 -0.051220037 0.998596966 -0.013439285 0.619938433 0.011624820 0.014052189 0.999833703 4.300187588
0.998595476 0.051500253 -0.012441614 2.643895388 -0.051664542 0.998576403 -0.013265097 0.666896641 0.011740746 0.013889256 0.999834597 6.403133392
0.998604476 0.051305261 -0.012522905 2.662697792 -0.051470842 0.998586237 -0.013278914 0.682690620 0.011823922 0.013904948 0.999833405 6.435855389
0.998486638 0.053276975 -0.013637776 3.192742348 -0.053468119 0.998470604 -0.014057167 0.657079995 0.012867995 0.014765080 0.999808192 7.610751152
0.998533070 0.052647285 -0.012646260 3.190596342 -0.052824486 0.998504102 -0.014112256 0.828951001 0.011884371 0.014759587 0.999820471 10.798659325
0.998510420 0.053029131 -0.012840301 3.568583250 -0.053208821 0.998484135 -0.014082179 0.863014936 0.012074071 0.014744421 0.999818385 11.632228851
0.998527825 0.052728206 -0.012723974 3.508862257 -0.052905995 0.998500407 -0.014065650 0.883049905 0.011963236 0.014718118 0.999820113 11.615806580
0.998523355 0.052790619 -0.012817136 3.676228762 -0.052968666 0.998498380 -0.013973567 0.838006616 0.012060217 0.014631839 0.999820232 13.895244598
0.998511374 0.053077467 -0.012561207 3.990636110 -0.053251822 0.998483300 -0.013978563 0.913056970 0.011800208 0.014626661 0.999823391 15.701219559
0.998529971 0.052803725 -0.012232952 4.163529873 -0.052975588 0.998495162 -0.014178839 1.113233089 0.011465847 0.014806043 0.999824643 17.114757538
0.998454392 0.054049771 -0.012941854 4.653913021 -0.054229222 0.998431206 -0.013941137 1.043432951 0.012168036 0.014621416 0.999819040 19.411979675
0.998463511 0.053907126 -0.012829163 4.579081535 -0.054086056 0.998437643 -0.014034429 1.110995293 0.012052564 0.014706744 0.999819219 19.623699188
0.998410940 0.054911327 -0.012660894 4.953904152 -0.055083986 0.998387516 -0.013717218 1.010682702 0.011887247 0.014392833 0.999825776 21.027622223
0.998511314 0.053165987 -0.012185047 5.008946419 -0.053325798 0.998490095 -0.013188663 1.081024289 0.011465460 0.013818807 0.999838769 23.789131165
0.998465955 0.054013692 -0.012174053 5.295590401 -0.054177858 0.998438895 -0.013584429 1.147561193 0.011421303 0.014223155 0.999833643 25.377412796
0.998473525 0.053834938 -0.012344720 5.438712120 -0.054002386 0.998447418 -0.013657850 1.256249785 0.011590283 0.014303646 0.999830544 25.016601562
0.995831430 0.088866331 -0.020556742 6.466592312 -0.089145578 0.995932579 -0.013089937 1.739163518 0.019309876 0.014867913 0.999702990 23.878931046
0.992582023 0.118550062 -0.026959745 7.263071060 -0.118859805 0.992858768 -0.010186787 1.598985434 0.025559576 0.013315652 0.999584615 24.947277069
0.989908218 0.137619659 -0.033801731 8.858895302 -0.138016492 0.990382552 -0.009690222 1.501148582 0.032143079 0.014257627 0.999381602 25.297576904
0.987309396 0.154528886 -0.036618829 9.014057159 -0.155067116 0.987827003 -0.012327326 1.792055011 0.034268141 0.017849261 0.999253273 26.184980392
0.985162854 0.166840255 -0.040230427 9.617348671 -0.167547330 0.985751867 -0.014872293 1.812378764 0.037175920 0.021392131 0.999079764 26.597761154
0.982076883 0.183339000 -0.043724552 9.916862488 -0.184183374 0.982760012 -0.016100528 1.412284493 0.040018886 0.023865290 0.998913884 29.933977127
0.979203284 0.197357789 -0.047020130 10.292435646 -0.198335990 0.979985118 -0.017089752 1.367013216 0.042706229 0.026060127 0.998747766 30.975349426
0.976265073 0.210751384 -0.049903419 10.649679184 -0.211971954 0.977060318 -0.020519912 1.963230371 0.044434048 0.030610999 0.998543203 31.753032684
0.974398375 0.218587309 -0.052606177 11.835402489 -0.219964236 0.975261688 -0.021917099 1.676154613 0.046513990 0.032927465 0.998374820 33.539089203
0.971772492 0.229360744 -0.055243254 11.801030159 -0.230832353 0.972748518 -0.021834480 1.403831720 0.048729822 0.033970077 0.998234153 36.337818146
0.971695364 0.229723677 -0.055092741 11.599525452 -0.231186301 0.972666383 -0.021747837 1.369881630 0.048590865 0.033868961 0.998244345 37.282295227
0.968443453 0.242244542 -0.058607545 12.676692009 -0.243940562 0.969501734 -0.023651155 1.639876366 0.051090755 0.037201565 0.998000920 36.530147552
0.967401922 0.246324077 -0.058804490 13.102172852 -0.248017192 0.968473852 -0.023363527 1.625188589 0.051195614 0.037186444 0.997996092 39.502170563
0.965180755 0.254501045 -0.060459111 13.442465782 -0.256291658 0.966305137 -0.023852866 1.367190003 0.052351370 0.038517494 0.997885644 40.663982391
0.965581715 0.252993673 -0.060383800 13.399604797 -0.254799217 0.966690481 -0.024226524 1.460227966 0.052243285 0.038778432 0.997881174 40.946823120
0.965929091 0.251515001 -0.061001595 14.319759369 -0.253365964 0.967056096 -0.024662308 1.783540249 0.052789021 0.039277770 0.997832954 41.163543701
0.962077260 0.264798701 -0.065490060 15.751120567 -0.266846567 0.963424027 -0.024638727 1.285668373 0.056570396 0.041180160 0.997548997 40.849918365
0.960162163 0.271346122 -0.066781662 15.390555382 -0.273527473 0.961516500 -0.025860220 1.945863366 0.057194587 0.043096621 0.997432411 44.851646423
0.954633772 0.289080441 -0.071462013 16.369672775 -0.291340292 0.956335545 -0.023303840 1.558257937 0.061604988 0.043066394 0.997171044 45.700996399
0.954841137 0.288404524 -0.071423799 16.289686203 -0.290691435 0.956521153 -0.023788743 1.690989375 0.061457582 0.043476757 0.997162342 45.922771454
0.953096151 0.293543428 -0.073756680 17.374650955 -0.295948684 0.954905331 -0.023880990 1.198605180 0.063420534 0.044589076 0.996990263 47.533245087
0.947893798 0.308817744 -0.078288004 18.456447601 -0.311555445 0.949892044 -0.025265338 1.211558938 0.066562757 0.048339903 0.996610641 48.061531067
0.947912693 0.308296561 -0.080093265 19.466821671 -0.311199576 0.949977636 -0.026408374 1.820739865 0.067945197 0.049957812 0.996437490 48.081436157
0.947395086 0.310301453 -0.078457780 18.881454468 -0.313142747 0.949332178 -0.026647883 1.758145928 0.066213608 0.049814552 0.996561289 48.848953247
0.946075022 0.313382268 -0.082057625 19.746215820 -0.316482604 0.948195279 -0.027648350 1.855983138 0.069142140 0.052127220 0.996244013 50.044029236
0.941170514 0.326422215 -0.087444596 20.864305496 -0.330005646 0.943507016 -0.029846253 1.807963371 0.072762102 0.056947619 0.995722175 51.195083618
0.932796717 0.348609567 -0.091441616 21.726165771 -0.351996511 0.935707390 -0.023454117 1.507480383 0.077386267 0.054065060 0.995534182 52.569198608
0.931705534 0.351433694 -0.091756076 22.592121124 -0.354666770 0.934753418 -0.021155300 1.638448358 0.078334622 0.052253332 0.995556712 53.494136810
0.931612194 0.351662904 -0.091824889 22.560800552 -0.354900599 0.934664607 -0.021158561 1.631645203 0.078384764 0.052300278 0.995550334 53.696147919
0.932135940 0.350264907 -0.091852278 23.120973587 -0.353522778 0.935179830 -0.021454057 1.776595712 0.078383796 0.052469965 0.995541453 56.134193420
0.934176922 0.345634192 -0.088602260 24.025279999 -0.348415852 0.937174141 -0.017636567 1.746004462 0.076939940 0.047346108 0.995911002 57.260459900
0.933879912 0.346224070 -0.089426383 25.200944901 -0.349086225 0.936914980 -0.018138791 1.912491918 0.077504836 0.048156966 0.995828271 58.301803589
0.934233785 0.345444828 -0.088741884 25.533744812 -0.348235905 0.937240124 -0.017680574 1.727563024 0.077064805 0.047420889 0.995897770 59.654968262
0.934084296 0.345686346 -0.089371905 26.102836609 -0.348516643 0.937133849 -0.017784957 1.766935587 0.077605411 0.047760248 0.995839477 62.259479523
0.933531821 0.347326338 -0.088784859 26.585445404 -0.350151569 0.936519861 -0.018016960 1.727919221 0.076891005 0.047907554 0.995887816 63.912536621
0.933614314 0.347063959 -0.088943347 26.652648926 -0.349891633 0.936618030 -0.017960778 1.722337961 0.077072397 0.047888968 0.995874643 63.822444916
0.933905125 0.346356839 -0.088646218 26.906333923 -0.349137425 0.936906874 -0.017565552 1.664298177 0.076969311 0.047354277 0.995908201 65.410804749
0.933832347 0.346588135 -0.088508919 27.573760986 -0.349358916 0.936825275 -0.017514318 1.562186599 0.076847129 0.047276817 0.995921373 67.118530273
0.933510661 0.347346663 -0.088927858 28.445186615 -0.350130945 0.936539233 -0.017398531 1.511068702 0.077241108 0.047378115 0.995886087 67.935775757
0.933541417 0.347260207 -0.088942848 28.422599792 -0.350040317 0.936574161 -0.017339008 1.494614005 0.077280417 0.047320269 0.995885789 68.018623352
0.933742344 0.345167994 -0.094785705 29.026329041 -0.349149913 0.936626554 -0.028722692 1.692835808 0.078864679 0.059914008 0.995083272 68.904571533
0.930423677 0.351864606 -0.102484263 29.500391006 -0.357432246 0.933008969 -0.041670728 1.805178642 0.080956273 0.075402625 0.993861377 69.256187439
0.930177510 0.352251500 -0.103386030 30.407447815 -0.357899815 0.932823777 -0.041802302 1.865747929 0.081716023 0.075885400 0.993762493 70.628105164
0.922807813 0.368548542 -0.112238735 31.041614532 -0.375335127 0.925738275 -0.046176087 1.927114964 0.086885571 0.084738806 0.992607832 71.078132629
0.916010082 0.382676929 -0.120348796 31.811985016 -0.390754342 0.919032395 -0.051869608 1.612069368 0.090755150 0.094539896 0.991375625 73.923866272
0.916378915 0.381088316 -0.122561812 32.523288727 -0.389795363 0.919171631 -0.056418154 1.977838516 0.091155037 0.099474452 0.990855992 73.556694031
0.915887058 0.381807715 -0.123991154 32.995212555 -0.390828669 0.918620408 -0.058217883 1.806728840 0.091672786 0.101780318 0.990574002 75.438232422
0.912743568 0.387229830 -0.130200431 33.899066925 -0.397767067 0.915032208 -0.067062750 1.904186726 0.093168870 0.113000557 0.989217043 76.640830994
0.913246214 0.385248929 -0.132531390 34.567615509 -0.396373957 0.915381968 -0.070451498 1.991201878 0.094175480 0.116871566 0.988671839 76.555343628
0.913551033 0.384227425 -0.133393660 35.164848328 -0.395690918 0.915482223 -0.072945334 2.212342262 0.094091915 0.119421944 0.988374949 77.937881470
0.910910785 0.388684005 -0.138442039 36.131706238 -0.401321828 0.912566543 -0.078505099 2.345134258 0.095823884 0.127070978 0.987254143 79.811706543
0.909503162 0.390916586 -0.141379952 36.968269348 -0.404343814 0.910869539 -0.082599252 2.360137463 0.096489318 0.132290378 0.986503422 79.327499390
0.909209192 0.390196592 -0.145207554 37.344543457 -0.404701591 0.910185456 -0.088198982 2.277271748 0.097750872 0.138957068 0.985462129 80.949501038
0.907844365 0.392231613 -0.148232788 38.225753784 -0.407509863 0.908597231 -0.091578968 2.338242531 0.098763727 0.143545777 0.984703183 81.763229370
0.906574011 0.393530637 -0.152503103 39.147872925 -0.409843981 0.907141209 -0.095513433 2.539590836 0.100754373 0.149092481 0.983676732 82.829315186
0.906570256 0.393636465 -0.152252063 39.093620300 -0.409908086 0.907115996 -0.095477611 2.518908501 0.100526825 0.148966536 0.983719170 82.777702332
0.906549692 0.393011510 -0.153979376 39.372093201 -0.409941822 0.906687498 -0.099325374 2.498799801 0.100575186 0.153165981 0.983069003 84.267417908
0.905604064 0.394433379 -0.155896351 39.904617310 -0.412206590 0.905065179 -0.104608148 2.483759880 0.099835426 0.158995047 0.982218623 86.110862732
0.906061053 0.392694384 -0.157621473 40.398029327 -0.411016017 0.905302048 -0.107210129 2.433908463 0.100594245 0.161923900 0.981662571 87.415847778
0.905954778 0.392226845 -0.159386560 41.357849121 -0.411078781 0.904998481 -0.109508850 2.633016586 0.101292275 0.164730519 0.981123686 87.872665405
0.907533765 0.387873620 -0.161048800 42.579856873 -0.407390267 0.906217635 -0.113148950 2.889318466 0.102057785 0.168296173 0.980439007 88.799270630
0.909731627 0.383112013 -0.160042271 42.197563171 -0.403081268 0.907373905 -0.119155608 2.729209900 0.099568233 0.172909647 0.979891956 91.807342529
0.909063816 0.384469748 -0.160579801 42.858474731 -0.404480368 0.906815231 -0.118666783 2.496715546 0.099992439 0.172827080 0.979863405 92.645324707
0.909228027 0.384123653 -0.160478652 42.817619324 -0.404129416 0.906956136 -0.118785106 2.533859253 0.099918969 0.172856912 0.979865611 92.670982361
0.909801126 0.381897062 -0.162531555 43.089561462 -0.402613521 0.907190263 -0.122098997 2.447845459 0.100817807 0.176523194 0.979119658 95.064872742
0.910028517 0.379960626 -0.165764883 44.078578949 -0.402207732 0.906111836 -0.131111413 2.560420990 0.100384355 0.185987011 0.977410793 96.936431885
0.909345984 0.380593777 -0.168041870 44.588359833 -0.403591275 0.905045450 -0.134189755 2.563117981 0.101013757 0.189845160 0.976603806 97.441925049
0.909481883 0.378557116 -0.171863839 45.742385864 -0.402984828 0.904344618 -0.140584067 2.898999214 0.102205060 0.197117165 0.975037932 97.465248108
0.910066903 0.375654846 -0.175104439 46.002113342 -0.401523411 0.903844953 -0.147794098 2.991353989 0.102747731 0.204811022 0.973393738 99.632797241
0.904750645 0.384348035 -0.183583677 47.515495300 -0.412454993 0.898150563 -0.152336344 3.311498642 0.106335610 0.213546410 0.971128583 99.187927246
0.905144870 0.383465290 -0.183486283 47.170188904 -0.411530912 0.898615360 -0.152094468 3.211788177 0.106560625 0.213177770 0.971184909 99.935180664
0.902921677 0.388070434 -0.184753001 47.953956604 -0.416533530 0.896067679 -0.153501153 3.226193428 0.105981909 0.215555340 0.970723331 99.613746643
0.899567962 0.392327577 -0.191980422 49.336875916 -0.422969639 0.892120659 -0.158799648 3.413738251 0.108968228 0.224052951 0.968465924 100.802795410
0.897892475 0.394144326 -0.196059436 50.133167267 -0.425970346 0.890290082 -0.161036596 3.574632645 0.111078084 0.228109032 0.967278600 101.203201294
0.894932330 0.398115277 -0.201495096 51.415348053 -0.431607217 0.886920333 -0.164583132 3.655806541 0.113187045 0.234257460 0.965563059 102.241714478
0.891032517 0.403623253 -0.207724318 52.314445496 -0.439112425 0.882389188 -0.169025242 3.670492172 0.115071177 0.241821289 0.963473499 102.477485657
0.889367938 0.404140741 -0.213763729 53.223098755 -0.441727847 0.880152524 -0.173804447 3.977320671 0.117903247 0.249001533 0.961299658 103.467704773
0.883677185 0.411849648 -0.222473755 54.370449066 -0.452128202 0.874049962 -0.177810863 3.885397911 0.121221870 0.257714093 0.958586872 104.443534851
0.883931875 0.411424041 -0.222249031 54.655796051 -0.451676697 0.874236345 -0.178041860 4.085187912 0.121047482 0.257761627 0.958596170 103.709014893
0.880386353 0.415306360 -0.228998557 55.694206238 -0.457746744 0.870410681 -0.181254297 4.346668243 0.124046721 0.264397204 0.956402957 103.977340698
0.880286455 0.415506691 -0.229019448 55.711990356 -0.457935780 0.870334923 -0.181140512 4.319931030 0.124058545 0.264331728 0.956419468 103.865234375
0.878785670 0.417980969 -0.230277419 56.196804047 -0.460840583 0.868616700 -0.182019189 4.425991058 0.123942271 0.266077071 0.955950499 105.375984192
0.873691857 0.423648626 -0.239133015 58.030429840 -0.469206095 0.863660157 -0.184219524 4.705970764 0.128485322 0.273153722 0.953351200 104.971931458
0.871209264 0.424552292 -0.246474609 60.252922058 -0.472579181 0.861231804 -0.186945856 4.981696129 0.132903457 0.279347718 0.950947642 104.138504028
0.871028602 0.426090032 -0.244451255 59.161300659 -0.473462403 0.860825539 -0.186581716 4.694075584 0.130929261 0.278256476 0.951541245 105.090026855
0.870521128 0.426682621 -0.245224163 59.712066650 -0.474407613 0.860090494 -0.187568292 4.899015427 0.130882815 0.279618323 0.951148391 106.655914307
0.870726228 0.423502654 -0.249962598 60.688484192 -0.473560333 0.859123349 -0.194030315 5.074369431 0.132576331 0.287319630 0.948615253 107.435646057
0.870587349 0.423118711 -0.251094222 61.275726318 -0.473713845 0.858726084 -0.195409298 5.179510117 0.132939845 0.289067686 0.948033035 108.848381042
0.870852232 0.422640979 -0.250979960 61.314304352 -0.473162204 0.859104574 -0.195081457 5.137537003 0.133168623 0.288641334 0.948130965 108.753799438
0.870288730 0.422262102 -0.253559321 62.303993225 -0.474177480 0.857552230 -0.199399084 5.364685059 0.133241653 0.293766856 0.946545124 109.226928711
0.869288802 0.423586577 -0.254777074 62.649318695 -0.476229042 0.855792344 -0.202052861 5.253513336 0.132449374 0.296974540 0.945654869 111.154525757
0.876771212 0.409384251 -0.252342522 62.696624756 -0.462860137 0.860762119 -0.211775541 5.559045792 0.130509347 0.302477986 0.944179118 113.841552734
0.877677262 0.407810122 -0.251741171 62.826385498 -0.461340606 0.861193001 -0.213334143 5.472780228 0.129797906 0.303376973 0.943988800 115.723846436
0.882413089 0.398483992 -0.250115395 63.220668793 -0.453317612 0.862391710 -0.225352377 5.356269836 0.125898138 0.312235534 0.941625476 117.905761719
0.882575691 0.397766978 -0.250682056 63.457748413 -0.452794790 0.862677515 -0.225309581 5.412195206 0.126637042 0.312360257 0.941485047 117.806442261
0.884118021 0.394203007 -0.250876933 64.471244812 -0.449662000 0.863757312 -0.227436393 5.813062668 0.127040654 0.313890368 0.940921605 118.499420166
0.887340069 0.388379157 -0.248574287 64.345016479 -0.444191366 0.864647031 -0.234690174 5.573833466 0.123780236 0.318664551 0.939750612 120.616081238
0.887476087 0.385970414 -0.251819640 65.684928894 -0.443283945 0.864373803 -0.237396643 6.020048141 0.126038224 0.322311431 0.938205481 121.397254944
0.893337548 0.373529375 -0.249847397 66.261482239 -0.431700557 0.867756665 -0.246237338 5.814069748 0.124829888 0.327832311 0.936452568 123.061828613
0.894581079 0.370688170 -0.249629572 66.809478760 -0.429110169 0.868522406 -0.248059139 5.789085388 0.124856301 0.329027623 0.936029792 124.415054321
0.896445096 0.366857588 -0.248599350 66.886260986 -0.425340414 0.869729638 -0.250311732 5.866657257 0.124385461 0.330130011 0.935704231 126.159141541
0.898602068 0.362070739 -0.247828513 67.929687500 -0.421687722 0.868717253 -0.259826362 5.881597519 0.121217385 0.337986767 0.933311999 128.003356934
0.901763320 0.356495917 -0.244404614 67.895484924 -0.416006476 0.869308054 -0.266912282 5.345516205 0.117309779 0.342365533 0.932214618 130.353134155
0.901744783 0.356465280 -0.244517565 68.078330994 -0.416043997 0.869223893 -0.267127633 5.466993332 0.117318816 0.342610985 0.932123363 130.066802979
0.904829621 0.349463612 -0.243224964 68.702735901 -0.409552872 0.870542943 -0.272802860 5.068498611 0.116403066 0.346453607 0.930816948 132.149826050
0.904988587 0.348903328 -0.243437663 68.703811646 -0.409080297 0.870789051 -0.272726297 5.041526794 0.116827719 0.346399784 0.930783808 132.214218140
0.910346329 0.338567764 -0.237994328 68.537673950 -0.398846090 0.871187747 -0.286275744 4.507808685 0.110413983 0.355533153 0.928119004 136.479125977
0.912728548 0.332080573 -0.238010779 69.950683594 -0.393143505 0.872405350 -0.290425777 4.701225281 0.111197099 0.358652204 0.926824570 136.318084717
0.912943304 0.331568360 -0.237901136 69.614639282 -0.392609805 0.872655451 -0.290396392 4.628295898 0.111319460 0.358517826 0.926861942 136.722427368
0.914549947 0.328229398 -0.236355618 69.625915527 -0.389371991 0.872630060 -0.294798762 4.550849915 0.109489411 0.361638367 0.925867021 138.979431152
0.913993955 0.328687400 -0.237864777 71.184692383 -0.390891522 0.870457053 -0.299179316 4.470176697 0.108714625 0.366427451 0.924073637 139.573822021
0.916308165 0.322925538 -0.236850977 71.011611938 -0.385431975 0.871690094 -0.302652478 4.683685303 0.108726449 0.368612885 0.923202634 141.768402100
0.916157782 0.323749065 -0.236307815 70.397827148 -0.386029899 0.871363997 -0.302829325 4.484149933 0.107869387 0.368661344 0.923283756 142.727005005
0.915744424 0.323458165 -0.238300338 71.816787720 -0.386613995 0.870802343 -0.303698927 4.450370789 0.109278582 0.370240808 0.922485769 142.538330078
0.916267574 0.320496559 -0.240282401 72.822616577 -0.385258675 0.869342327 -0.309547424 4.619289398 0.109678797 0.376199245 0.920024335 143.480941772
0.916510344 0.319670290 -0.240457267 72.780754089 -0.384531409 0.869697452 -0.309454381 4.621181488 0.110201694 0.376081586 0.920009911 143.628784180
0.916278839 0.319865197 -0.241079435 72.851974487 -0.385583401 0.867344797 -0.314703584 4.335620880 0.108436286 0.381312490 0.918064535 145.184951782
0.917124569 0.316175282 -0.242725536 73.760391235 -0.383439988 0.866152287 -0.320552528 4.408306122 0.108886495 0.387057334 0.915603817 147.226928711
0.916780174 0.317112833 -0.242803454 73.747169495 -0.384525895 0.865139067 -0.321984828 4.215579987 0.107953221 0.388553619 0.915080488 148.419952393
0.916701555 0.317522734 -0.242564604 73.744865417 -0.384790212 0.865106285 -0.321756899 4.170394897 0.107679054 0.388291568 0.915223956 148.147766113
0.916660190 0.317695439 -0.242494598 73.715972900 -0.384921670 0.865058661 -0.321727872 4.152019501 0.107560582 0.388256639 0.915252745 148.174346924
0.915967643 0.315990955 -0.247291252 76.381256104 -0.386178613 0.861573100 -0.329481214 4.377502441 0.108946398 0.397292793 0.911202073 149.715957642
0.917786896 0.311110497 -0.246733591 77.190887451 -0.381447971 0.863395512 -0.330220640 4.950801849 0.110293567 0.397188187 0.911085546 150.146667480
0.917438745 0.311981648 -0.246928290 77.462669373 -0.382452369 0.862617373 -0.331091523 5.029685974 0.109710127 0.398194551 0.910716653 152.197433472
0.917411864 0.312014699 -0.246986389 77.502845764 -0.382492244 0.862647712 -0.330966204 5.046321869 0.109795935 0.398102671 0.910746515 152.084411621
0.916212261 0.314474910 -0.248315662 79.550476074 -0.385239571 0.861782372 -0.330032825 5.109992981 0.110207021 0.398041159 0.910723746 151.084426880
0.917407215 0.311362058 -0.247825861 79.922813416 -0.382146597 0.863043487 -0.330333114 5.237636566 0.111031294 0.397755802 0.910748243 153.013870239
0.916404605 0.313947529 -0.248273149 80.958732605 -0.384770811 0.861850381 -0.330402225 5.275829315 0.110245325 0.398310453 0.910601377 154.095855713
0.911873460 0.317037851 -0.260717779 81.507522583 -0.393477798 0.856017888 -0.335273921 5.865440369 0.116884574 0.408314049 0.905327320 154.667465210
0.912002623 0.316366524 -0.261081159 81.526901245 -0.393024653 0.856155992 -0.335452795 5.873882294 0.117400147 0.408545196 0.905156374 154.771820068
0.911019385 0.319619685 -0.260551244 81.509605408 -0.395885497 0.854738176 -0.335704237 5.570186615 0.115405396 0.408981591 0.905215859 155.969604492
0.912218928 0.313237906 -0.264080584 81.769363403 -0.392388940 0.853362143 -0.343225718 5.768848419 0.117845058 0.416719437 0.901364267 158.558715820
0.911913872 0.313865721 -0.264388531 82.549270630 -0.393061757 0.853199244 -0.342860609 5.712238312 0.117963903 0.416580349 0.901413023 159.389419556
0.911269486 0.314935833 -0.265336305 83.935775757 -0.394611657 0.852057099 -0.343919039 5.952926636 0.117769264 0.418107748 0.900731027 159.547958374
0.911207080 0.315061480 -0.265401602 83.926025391 -0.394753516 0.852003574 -0.343888730 5.946899414 0.117777027 0.418122083 0.900723398 159.599853516
0.911168098 0.314512402 -0.266185254 85.000549316 -0.394632161 0.851901114 -0.344281793 6.239612579 0.118482582 0.418743968 0.900341809 160.520843506
0.910077572 0.316495538 -0.267561883 85.691841125 -0.397527784 0.849180520 -0.347655237 6.018760681 0.117176995 0.422756582 0.898635924 161.320938110
0.912284434 0.311530471 -0.265868336 84.047927856 -0.392930657 0.848847270 -0.353643537 5.307521820 0.115510836 0.427091330 0.896799982 166.001480103
0.913747370 0.305710137 -0.267595142 85.952247620 -0.389398217 0.846885502 -0.362151831 5.472290039 0.115908936 0.435116410 0.892882347 166.982330322
0.914676070 0.303074002 -0.267420679 85.488639832 -0.387450665 0.845877111 -0.366570413 5.098014832 0.115107059 0.438905507 0.891129792 168.623260498
0.914400935 0.303867131 -0.267461896 85.399566650 -0.388279468 0.845238626 -0.367165893 5.150375366 0.114499494 0.439586729 0.890872180 168.633239746
0.915664494 0.299960464 -0.267548442 87.542533875 -0.385376722 0.844305515 -0.372334659 5.155452728 0.114206903 0.444040507 0.888698399 170.600479126
0.915549755 0.300680548 -0.267132640 87.010200500 -0.385831118 0.844160259 -0.372193307 4.798007965 0.113591470 0.443829596 0.888882637 171.391494751
0.915008485 0.301885784 -0.267627060 86.944129944 -0.387193352 0.843455315 -0.372376770 4.448745728 0.113316223 0.444351315 0.888657033 173.063781738
0.915417016 0.300609022 -0.267667323 87.147346497 -0.386397511 0.842560709 -0.375217825 4.576656342 0.112732068 0.446906865 0.887449026 174.918258667
0.915620387 0.299790591 -0.267889500 87.395675659 -0.385760427 0.842806399 -0.375321686 4.710777283 0.113261081 0.446993381 0.887338102 174.679107666
0.917380512 0.295345783 -0.266803026 89.019638062 -0.381883889 0.842047930 -0.380946100 4.688957214 0.112150110 0.451360375 0.885266185 174.320266724
0.918447137 0.292823732 -0.265911698 89.443000793 -0.379637897 0.841315031 -0.384790778 4.438468933 0.111039646 0.454360157 0.883870482 177.390792847
0.921269000 0.287352175 -0.262091964 90.217544556 -0.373512954 0.841522157 -0.390292704 4.313129425 0.108404733 0.457459301 0.882598162 178.394683838
0.920521438 0.289011598 -0.262892663 91.977729797 -0.375433177 0.840571404 -0.390499204 4.453880310 0.108121261 0.458161503 0.882268608 177.507339478
0.920750082 0.288421512 -0.262739956 91.623695374 -0.374852806 0.840713441 -0.390750766 4.431625366 0.108188063 0.458272576 0.882202625 178.128875732
0.920356393 0.290265381 -0.262087762 91.385971069 -0.376768082 0.837744355 -0.395259649 4.218338013 0.104832336 0.462526053 0.880386233 179.929687500
0.922299385 0.285784483 -0.260175258 92.437454224 -0.371977746 0.839081287 -0.396957368 4.329456329 0.104863919 0.462892830 0.880189598 180.647369385
0.922791600 0.282991499 -0.261479616 93.675064087 -0.370129198 0.839632332 -0.397519529 4.531829834 0.107052118 0.463608861 0.879549086 181.304901123
0.922919095 0.283056736 -0.260958493 93.469558716 -0.369974822 0.839558899 -0.397818357 4.160419464 0.106484905 0.463702232 0.879568696 183.039520264
0.921513557 0.287379444 -0.261200994 94.190185547 -0.374023318 0.837758720 -0.397827655 3.870231628 0.104495913 0.464298785 0.879492521 183.898056030
0.921654403 0.286780715 -0.261362076 94.592224121 -0.373551786 0.837987006 -0.397789866 4.022510529 0.104939558 0.464257061 0.879461884 183.481475830
0.921165705 0.289070010 -0.260561466 94.550506592 -0.375294030 0.837024629 -0.398176074 3.699298859 0.102995574 0.464573294 0.879524589 185.726806641
0.922057688 0.286337554 -0.260423541 94.347816467 -0.372670472 0.838492095 -0.397552162 3.550910950 0.104528949 0.463618189 0.879847646 187.819961548
0.921656370 0.287700355 -0.260342270 94.362663269 -0.373937041 0.837660730 -0.398115009 2.964859009 0.103540719 0.464276671 0.879617214 189.734741211
0.921000838 0.289398551 -0.260779738 95.092163086 -0.375705332 0.836807609 -0.398244172 2.895210266 0.102971189 0.464759529 0.879429102 191.068084717
0.921229661 0.288618118 -0.260835975 95.075790405 -0.375013500 0.837157488 -0.398161024 2.889083862 0.103444278 0.464614719 0.879450083 191.011627197
0.920892298 0.290828437 -0.259569198 94.872924805 -0.376382500 0.836672544 -0.397888392 2.355949402 0.101457119 0.464109629 0.879948139 192.575531006
0.918537796 0.293457597 -0.264897972 95.004653931 -0.380872071 0.836466491 -0.394030601 2.465229034 0.105947047 0.462824225 0.880096018 194.076354980
0.916319072 0.296307057 -0.269372433 95.046035767 -0.385282904 0.835711718 -0.391334713 2.127525330 0.109162465 0.462372094 0.879940748 196.273117065
0.911688685 0.304879844 -0.275449246 94.298568726 -0.395569623 0.832582533 -0.387725443 1.667343140 0.111124486 0.462444127 0.879657149 197.449218750
0.912271142 0.302947968 -0.275651634 94.559806824 -0.393975854 0.833069146 -0.388302296 1.813594818 0.112001471 0.462837040 0.879339218 197.617141724
0.908416212 0.309171230 -0.281412572 94.470985413 -0.402281672 0.829653203 -0.387097895 1.520179749 0.113795325 0.464853108 0.878044486 197.948303223
0.909134030 0.307462871 -0.280965924 93.539848328 -0.400613219 0.830072761 -0.387927830 1.645393372 0.113948777 0.465237051 0.877821267 199.142868042
0.905497313 0.311037362 -0.288669884 95.957138062 -0.407558560 0.826914072 -0.387439013 2.593048096 0.118197158 0.468474895 0.875534415 198.277908325
0.904936433 0.314004868 -0.287212163 94.021316528 -0.409562349 0.825901031 -0.387486964 1.281791687 0.115535997 0.468282342 0.875992537 202.037841797
0.904851496 0.314118683 -0.287355214 94.070930481 -0.409734398 0.825821519 -0.387474507 1.234867096 0.115591131 0.468346179 0.875951171 202.242828369
0.901976764 0.315921485 -0.294332147 96.058517456 -0.414769888 0.823409855 -0.387249380 2.455089569 0.120015621 0.471370041 0.873731375 200.636993408
0.902110934 0.313246787 -0.296769887 96.369338989 -0.413739175 0.823228002 -0.388735712 2.386974335 0.122539081 0.473468006 0.872245491 201.920715332
0.900668085 0.316825688 -0.297352225 96.673179626 -0.417256117 0.821575940 -0.388471633 1.665355682 0.121219628 0.473956019 0.872164786 204.065643311
0.901047170 0.315765738 -0.297331125 96.308853149 -0.416278213 0.822073519 -0.388468206 1.567264557 0.121763051 0.473800659 0.872173488 204.538024902
0.900583267 0.315524071 -0.298988670 97.739250183 -0.416768968 0.822195828 -0.387682289 2.188751221 0.123504139 0.473749369 0.871956468 205.014770508
0.901214182 0.314479291 -0.298187524 96.378158569 -0.415436059 0.822809815 -0.387810379 1.218647003 0.123393305 0.473378062 0.872173905 207.632141113
0.900963724 0.315019608 -0.298374325 96.896141052 -0.416020572 0.822519183 -0.387800515 1.354366302 0.123253837 0.473523974 0.872114420 206.945877075
0.897847593 0.319370449 -0.303104341 96.661026001 -0.422378749 0.819158852 -0.388039768 1.091629028 0.124362193 0.476425350 0.870375156 208.301956177
0.898236752 0.317982405 -0.303410679 97.368598938 -0.421239465 0.819829524 -0.387861788 1.142311096 0.125411808 0.476200312 0.870347679 209.461044312
0.897812486 0.319073290 -0.303521067 97.068603516 -0.422324330 0.819158673 -0.388099432 0.501735687 0.124799781 0.476624787 0.870203316 211.606445312
0.897165716 0.321159899 -0.303232819 96.448287964 -0.424092293 0.818216026 -0.388160229 0.056240082 0.123448461 0.476842761 0.870276630 213.547424316
0.897594571 0.321108252 -0.302015930 96.845504761 -0.423508704 0.818278432 -0.388665527 0.113113403 0.122329399 0.476770461 0.870474279 214.820755005
0.898356557 0.319068134 -0.301912427 96.706359863 -0.421566874 0.819380701 -0.388454229 0.164276123 0.123437807 0.476246715 0.870604575 215.145111084
0.897562265 0.321078330 -0.302143544 97.190444946 -0.423466802 0.818564236 -0.388108939 -0.297004700 0.122710504 0.476299703 0.870678306 216.541442871
0.897664428 0.321564198 -0.301322103 96.118667603 -0.423561692 0.818306446 -0.388548613 -0.927448273 0.121630512 0.476414829 0.870766819 219.368255615
0.897525966 0.320737511 -0.302613288 96.828491211 -0.423411757 0.818521202 -0.388259709 -1.443260193 0.123165973 0.476603121 0.870447934 219.961807251
0.897334397 0.320881158 -0.303028524 96.790573120 -0.423719645 0.818463922 -0.388044447 -1.620887756 0.123501770 0.476604760 0.870399415 220.098419189
0.897511542 0.321480721 -0.301866144 96.613327026 -0.423728347 0.818317652 -0.388343304 -1.690879822 0.122177474 0.476451874 0.870669961 221.377746582
0.897257030 0.322058648 -0.302006781 96.804611206 -0.424385697 0.817772567 -0.388773680 -1.594154358 0.121764868 0.476997256 0.870429158 223.265396118
0.897428930 0.321387172 -0.302211225 97.173751831 -0.423874974 0.818040073 -0.388768047 -1.465446472 0.122275814 0.476991415 0.870360732 222.984832764
0.896916747 0.322928607 -0.302088529 97.586181641 -0.425188303 0.817461073 -0.388551563 -1.933708191 0.121471167 0.476942897 0.870499969 225.031524658
0.897158682 0.321350425 -0.303051293 99.897293091 -0.424255192 0.817863643 -0.388724357 -1.529769897 0.122937888 0.477318496 0.870088160 224.221817017
0.896504760 0.324092776 -0.302064955 98.347709656 -0.426242858 0.816893458 -0.388589978 -2.066925049 0.120815672 0.477125794 0.870491028 225.418960571
0.897831500 0.320409983 -0.302053243 98.360412598 -0.422959805 0.818329573 -0.389155477 -1.867225647 0.122489728 0.477152318 0.870242357 227.897857666
0.897203803 0.320636004 -0.303673923 100.347137451 -0.423981786 0.817783117 -0.389191777 -2.043533325 0.123550445 0.477936506 0.869661987 228.710113525
0.897421718 0.320422053 -0.303255737 99.939376831 -0.423582196 0.817974091 -0.389225721 -2.057689667 0.123338751 0.477753341 0.869792700 228.641052246
0.897831798 0.320358336 -0.302106857 99.132469177 -0.422877818 0.818579853 -0.388717443 -2.933437347 0.122769721 0.476757139 0.870419562 230.399993896
0.889481187 0.329269737 -0.316866875 100.482444763 -0.438267052 0.811034977 -0.387484342 -2.308246613 0.129403263 0.483532339 0.865708470 228.279846191
0.889935315 0.328079641 -0.316826284 100.524566650 -0.437165320 0.811616063 -0.387512267 -2.191108704 0.130006433 0.483366221 0.865710855 228.327651978
0.889814794 0.327200413 -0.318071395 101.718757629 -0.436786681 0.812481046 -0.386124194 -2.378002167 0.132086992 0.482508421 0.865874529 229.245208740
0.889813840 0.326682270 -0.318606347 102.714271545 -0.436617881 0.812472224 -0.386333466 -2.149723053 0.132650539 0.482874066 0.865584493 230.543640137
0.889492929 0.327665836 -0.318492293 100.746749878 -0.437591404 0.811530471 -0.387210667 -3.428150177 0.131590486 0.483790696 0.865234315 235.046722412
0.889156163 0.329464704 -0.317575514 99.693420410 -0.438881874 0.810459912 -0.387991339 -3.841117859 0.129552752 0.484363079 0.865221560 239.078506470
0.889386237 0.328357756 -0.318077594 100.555175781 -0.438152313 0.810780764 -0.388145685 -4.054641724 0.130440578 0.484577864 0.864967942 239.533935547
0.888488948 0.327459455 -0.321493000 104.348564148 -0.438968271 0.810690284 -0.387411982 -3.318599701 0.133769572 0.485336512 0.864033639 236.844192505
0.888679624 0.327040136 -0.321392417 104.459259033 -0.438543767 0.810890317 -0.387474149 -3.216377258 0.133894414 0.485285074 0.864043236 236.576751709
0.887415111 0.326589972 -0.325320601 104.398506165 -0.439913064 0.810863972 -0.385974228 -2.783195496 0.137735426 0.485632122 0.863244057 239.593322754
0.883234978 0.334298849 -0.328846604 104.094535828 -0.448434711 0.807193816 -0.383854598 -3.573089600 0.137120783 0.486499995 0.862853169 240.028839111
0.883677185 0.333104670 -0.328870654 103.447616577 -0.447386146 0.807684541 -0.384045959 -4.067237854 0.137696207 0.486504823 0.862758815 243.194732666
0.883427382 0.333488464 -0.329152495 103.565719604 -0.447926372 0.807253301 -0.384322792 -3.923805237 0.137542218 0.486957431 0.862527966 243.020935059
0.883257627 0.334248513 -0.328837007 103.281623840 -0.448473692 0.806902707 -0.384420753 -4.195144653 0.136847422 0.487017393 0.862604618 243.588287354
0.879390419 0.341674238 -0.331558794 102.033241272 -0.456298530 0.803603888 -0.382115662 -5.433189392 0.135882869 0.487318695 0.862586975 245.446136475
0.879541218 0.341281533 -0.331563145 102.235748291 -0.455956757 0.803753197 -0.382209688 -5.254314423 0.136053830 0.487347722 0.862543643 245.162139893
0.878849924 0.343890399 -0.330699623 101.498603821 -0.457800478 0.802992046 -0.381605029 -6.279766083 0.134318858 0.486768037 0.863142669 246.327850342
0.878767490 0.340107590 -0.334805429 103.819892883 -0.456365049 0.804099023 -0.380993009 -6.355960846 0.139638096 0.487597764 0.861829102 249.582214355
0.878978372 0.339326084 -0.335044622 104.379302979 -0.455726594 0.804597914 -0.380703896 -6.612541199 0.140393436 0.487319261 0.861864030 250.747070312
0.878825903 0.339627266 -0.335139364 104.680587769 -0.456045985 0.804432452 -0.380670995 -6.615699768 0.140310764 0.487382531 0.861841619 250.330169678
0.878862262 0.339218974 -0.335457444 105.055114746 -0.455925345 0.804244637 -0.381212175 -6.756973267 0.140475437 0.487976551 0.861478627 252.938964844
0.879163206 0.339401454 -0.334482729 103.791534424 -0.455566704 0.804508150 -0.381084949 -7.496810913 0.139753237 0.487415045 0.861913860 254.530410767
0.879526496 0.338414222 -0.334527940 105.322540283 -0.454699755 0.804960310 -0.381165355 -7.515182495 0.140289873 0.487354815 0.861860812 255.682830811
0.879106104 0.339951009 -0.334074765 104.122726440 -0.455941737 0.804050982 -0.381600857 -8.488212585 0.138887495 0.487786233 0.861843765 258.606964111
0.879167140 0.339570493 -0.334300786 104.303253174 -0.455729395 0.804116368 -0.381716490 -8.420463562 0.139197096 0.487943292 0.861704946 258.634704590
0.878814995 0.340810359 -0.333965212 102.717529297 -0.456746131 0.803371489 -0.382069618 -8.659980774 0.138084844 0.488305807 0.861678660 262.572540283
0.879148781 0.339179665 -0.334745675 103.423286438 -0.455691218 0.803877711 -0.382264465 -9.200469971 0.139438227 0.488608003 0.861289263 264.582885742
0.879142463 0.339030087 -0.334913552 103.996635437 -0.455617994 0.803988278 -0.382119209 -9.125862122 0.139716581 0.488529831 0.861288488 263.903381348
0.878921688 0.340049714 -0.334459186 104.488029480 -0.456158340 0.804141700 -0.381150454 -9.661331177 0.139342427 0.487567723 0.861894071 263.370056152
0.879175484 0.339387149 -0.334464997 104.441513062 -0.455665737 0.804097056 -0.381833285 -9.717102051 0.139353007 0.488102674 0.861589551 266.427215576
0.879100025 0.339579314 -0.334468395 103.580276489 -0.455797315 0.804157078 -0.381549656 -10.187370300 0.139398754 0.487870067 0.861713946 269.178894043
0.878994703 0.340546638 -0.333760738 101.865898132 -0.456379145 0.803639531 -0.381944537 -10.573356628 0.138153374 0.488048643 0.861813307 270.849365234
0.879834414 0.337852567 -0.334285855 102.746635437 -0.454259783 0.804627359 -0.382390946 -10.835853577 0.139783829 0.488293409 0.861411691 272.697052002
0.878713429 0.340484917 -0.334563404 104.195945740 -0.456643313 0.803769886 -0.381353825 -11.888786316 0.139066771 0.487876803 0.861763656 272.398742676
0.878760457 0.340248376 -0.334680438 104.347167969 -0.456520259 0.803743720 -0.381556302 -11.646583557 0.139173433 0.488085061 0.861628592 272.484497070
0.878639579 0.340943515 -0.334290385 103.679565430 -0.457033426 0.803216875 -0.382051289 -11.922042847 0.138249770 0.488467246 0.861560702 275.108825684
0.878840983 0.339885563 -0.334837675 104.143486023 -0.456380844 0.803496838 -0.382242531 -12.295845032 0.139122337 0.488743931 0.861263275 277.445373535
0.879922092 0.338191122 -0.333712399 102.721275330 -0.454219908 0.804803550 -0.382067472 -13.205436707 0.139361113 0.487768352 0.861777604 280.723724365
0.878371477 0.341676116 -0.334246695 103.435020447 -0.457695365 0.802795351 -0.382144749 -13.989181519 0.137761980 0.488648236 0.861536205 281.806457520
0.876382470 0.343753189 -0.337324291 103.480049133 -0.461019635 0.801401496 -0.381072700 -13.927314758 0.139337271 0.489478528 0.860811174 285.122406006
0.875627518 0.346649289 -0.336319327 101.842453003 -0.463236600 0.799846590 -0.381650627 -15.008758545 0.136704981 0.489979178 0.860948443 288.139770508
0.875549018 0.346771538 -0.336397588 102.170608521 -0.463374466 0.799810350 -0.381559223 -14.826568604 0.136740431 0.489951849 0.860958338 287.348114014
0.874695718 0.344780862 -0.340636849 103.655593872 -0.463143706 0.801733255 -0.377785027 -15.105506897 0.142846882 0.488210708 0.860955894 288.191192627
0.869061828 0.351738304 -0.347867250 103.340896606 -0.472448230 0.798650980 -0.372758955 -14.970695496 0.146710843 0.488299876 0.860255301 288.090942383
0.864035487 0.357966036 -0.353981704 103.527374268 -0.480671942 0.795625031 -0.368693978 -14.823883057 0.149656788 0.488713712 0.859512568 287.770172119
0.864233434 0.357108653 -0.354364157 103.505615234 -0.480063260 0.796044052 -0.368582606 -14.830284119 0.150465459 0.488658637 0.859402657 287.807800293
