1.000000000 0.000000000 0.000000000 0.000000000 0.000000000 1.000000000 0.000000000 0.000000000 0.000000000 0.000000000 1.000000000 0.000000000
<<<<<<< HEAD
0.997318745 -0.021027789 0.070093378 0.086104520 0.021097476 0.999777377 -0.000253957 -0.067307569 -0.070072435 0.001732070 0.997540355 0.409002185
0.988759339 -0.055883840 0.138679534 0.222015858 0.056089353 0.998422742 0.002428859 -0.144422978 -0.138596565 0.005376887 0.990334451 0.790018141
0.973106563 -0.088639848 0.212618306 0.370382369 0.089337684 0.995981157 0.006342542 -0.201167673 -0.212326095 0.012822860 0.977114737 1.221900344
0.954431236 -0.122780263 0.272003621 0.539679050 0.123829491 0.992213368 0.013372985 -0.268535793 -0.271527588 0.020918472 0.962203264 1.590703964
0.954759777 -0.118885599 0.272580087 0.668429136 0.119731300 0.992713273 0.013591141 -0.355245084 -0.272209644 0.019660098 0.962037086 2.051650047
0.954564750 -0.117611304 0.273813188 0.801159859 0.118035823 0.992896259 0.014984651 -0.440922618 -0.273630470 0.018015943 0.961666167 2.523149014
0.954002500 -0.119124040 0.275115907 0.946253836 0.119220831 0.992731869 0.016433941 -0.542429924 -0.275073916 0.017121527 0.961270630 3.029494286
0.953793526 -0.120902620 0.275064647 1.087124109 0.120762818 0.992526889 0.017509846 -0.629757047 -0.275126129 0.016516807 0.961266279 3.493675232
0.951069891 -0.118011519 0.285550952 1.235622048 0.117266469 0.992903650 0.019770473 -0.729680955 -0.285857797 0.014682445 0.958159566 4.028533936
0.936750710 -0.133673832 0.323464483 1.423884869 0.132252187 0.990862370 0.026479183 -0.814748645 -0.324048340 0.017974477 0.945869744 4.493113995
0.931580842 -0.139133051 0.335855693 1.631309032 0.136709899 0.990126729 0.030974740 -0.905893624 -0.336849272 0.017059322 0.941403925 4.875517845
0.918801129 -0.155402750 0.362842202 1.821553349 0.152354985 0.987625718 0.037194733 -0.983770728 -0.364132434 0.021106260 0.931107998 5.251276016
0.917715967 -0.150140971 0.367770404 2.014323950 0.147891060 0.988402724 0.034471873 -1.028751969 -0.368680924 0.022754584 0.929277480 5.640212059
0.914212704 -0.149810076 0.376526058 2.187829256 0.148177236 0.988394022 0.033479385 -1.109055758 -0.377171636 0.025185307 0.925800860 6.087775707
0.911012471 -0.151421472 0.383572251 2.375644922 0.150155127 0.988096833 0.033437986 -1.193796873 -0.384069711 0.027132906 0.922905326 6.545409203
0.908895493 -0.150759846 0.388819367 2.563810110 0.150217861 0.988135219 0.031991113 -1.272641063 -0.389029056 0.029331043 0.920758367 7.003476143
0.906512678 -0.149138570 0.394958675 2.744998217 0.149197906 0.988328815 0.030758016 -1.341049671 -0.394936264 0.031044491 0.918183804 7.424863815
0.902966142 -0.150613099 0.402452290 2.913595438 0.150814563 0.988063514 0.031394623 -1.416208625 -0.402376860 0.032347381 0.914902389 7.815372467
0.896386981 -0.158099756 0.414119303 3.097967625 0.158549964 0.986781240 0.033535615 -1.485763073 -0.413947135 0.035597708 0.909604669 8.217676163
0.886086166 -0.165146708 0.433102489 3.242062330 0.166341677 0.985431373 0.035436608 -1.531390190 -0.432644933 0.040643103 0.900647819 8.519698143
0.881234229 -0.168741152 0.441534460 3.407481909 0.170075953 0.984740138 0.036892761 -1.593389630 -0.441022009 0.042583223 0.896485507 8.851081848
0.875346780 -0.174605399 0.450866878 3.578865767 0.176788226 0.983528256 0.037657134 -1.643616080 -0.450015455 0.046744879 0.891796410 9.162903786
0.868028164 -0.180843666 0.462409556 3.749876499 0.182976797 0.982275367 0.040676594 -1.707444668 -0.461569607 0.049301788 0.885732889 9.475400925
0.860670269 -0.182607457 0.475290626 3.913305283 0.185987100 0.981721699 0.040388256 -1.738767862 -0.473978400 0.053636957 0.878901362 9.762182236
0.855400205 -0.182796121 0.484640032 4.056648731 0.186187372 0.981632054 0.041626383 -1.791131020 -0.483347386 0.054626625 0.873722553 10.034237862
0.851284921 -0.185844615 0.490689099 4.237284660 0.189654127 0.980930924 0.042493436 -1.843425751 -0.489229292 0.056887191 0.870297968 10.340758324
0.846461833 -0.188426673 0.497993737 4.397040844 0.193048865 0.980256736 0.042767614 -1.890306830 -0.496220231 0.059935957 0.866125405 10.630784035
0.842906475 -0.190817848 0.503087640 4.554748535 0.196571022 0.979581058 0.042200539 -1.934965491 -0.500867784 0.063321359 0.863204479 10.904273033
0.839213967 -0.191120401 0.509109855 4.717880249 0.196445346 0.979531646 0.043897830 -1.986286759 -0.507079005 0.063172564 0.859581351 11.171633720
0.828797638 -0.195422783 0.524313450 4.882241249 0.200558528 0.978520453 0.047686622 -2.020443439 -0.522370338 0.065632969 0.850189030 11.422599792
0.817000806 -0.204723090 0.539071500 5.026599884 0.211843193 0.976043761 0.049608760 -2.054304838 -0.536313474 0.073668242 0.840797782 11.622224808
0.814286470 -0.203683689 0.543553531 5.232016563 0.210112393 0.976341128 0.051095389 -2.107105017 -0.541100979 0.072601050 0.837817907 11.951687813
0.808112979 -0.208416492 0.550922871 5.405189514 0.213532150 0.975343466 0.055760227 -2.153791666 -0.548960328 0.072579160 0.832691312 12.222542763
0.804569364 -0.207629323 0.556379676 5.571076393 0.213261828 0.975411177 0.055609610 -2.199060917 -0.554245055 0.073912755 0.829065323 12.466297150
0.799849391 -0.209603101 0.562412143 5.743079662 0.215101212 0.974902153 0.057420421 -2.241302729 -0.560332298 0.075047851 0.824860871 12.744456291
0.797436833 -0.211991534 0.564937174 5.908112526 0.217589840 0.974287927 0.058460694 -2.282355070 -0.562804639 0.076305903 0.823060334 12.986445427
0.794537187 -0.213333681 0.568506122 6.067816734 0.219151288 0.973894835 0.059173793 -2.312136650 -0.566288888 0.077573061 0.820548117 13.229036331
0.795201778 -0.212728903 0.567803323 6.215808392 0.219200850 0.973959684 0.057908278 -2.346980095 -0.565336466 0.078414209 0.821124911 13.448649406
0.795630455 -0.211104363 0.567809045 6.376889229 0.217600912 0.974351883 0.057343192 -2.393920422 -0.565351188 0.077931784 0.821160555 13.716347694
0.796440601 -0.213043645 0.565945923 6.610205650 0.218117818 0.974092603 0.059734259 -2.450582504 -0.564009786 0.075868100 0.822275519 14.073008537
0.807272077 -0.210065678 0.551528811 6.798560143 0.214546949 0.975029349 0.057335921 -2.513120651 -0.549801171 0.072043143 0.832183003 14.384798050
0.822926879 -0.205441579 0.529702604 6.958884239 0.208974183 0.976426601 0.054045562 -2.583940029 -0.528318882 0.066218615 0.846459806 14.679757118
0.841085017 -0.192745373 0.505396068 7.131773949 0.196739972 0.979371727 0.046091203 -2.653925896 -0.503854513 0.060664989 0.861655593 15.027523041
0.850819528 -0.192873552 0.488780081 7.347603798 0.196736619 0.979466796 0.044039954 -2.724976778 -0.487237960 0.058690902 0.871294677 15.416854858
0.854628384 -0.191977635 0.482446820 7.542887688 0.196213692 0.979650676 0.042245574 -2.785698652 -0.480739623 0.058558412 0.874905944 15.779064178
0.866291165 -0.188551232 0.462588400 7.667510509 0.192430422 0.980523467 0.039296575 -2.846336603 -0.460988194 0.054973811 0.885701835 16.022897720
0.884855032 -0.167002991 0.434904099 7.680115700 0.170431346 0.984868288 0.031429641 -2.964780331 -0.433572114 0.046310626 0.899928093 16.301830292
0.890046120 -0.170114905 0.422940612 7.821011066 0.172294855 0.984479189 0.033395268 -3.053992748 -0.422057331 0.043147165 0.905541778 16.723455429
0.897209704 -0.166866139 0.408864856 7.998971939 0.170549631 0.984958768 0.027729174 -3.141215324 -0.407341987 0.044852868 0.912173569 17.138927460
0.898668706 -0.169888183 0.404391587 8.194961548 0.174449325 0.984326720 0.025849592 -3.221887589 -0.402445078 0.047315620 0.914220572 17.575410843
0.898034275 -0.175681710 0.403324187 8.391411781 0.180755094 0.983189762 0.025796069 -3.303817987 -0.401076108 0.049737155 0.914693475 17.995546341
0.901104331 -0.177600116 0.395561904 8.562020302 0.183345914 0.982765675 0.023575395 -3.383008957 -0.392931670 0.051280759 0.918136716 18.379253387
0.906835437 -0.178030729 0.382040054 8.736742020 0.185099930 0.982545495 0.018501025 -3.464935780 -0.378665477 0.053938184 0.923960567 18.777214050
0.911263466 -0.174745739 0.372911215 8.886539459 0.183462873 0.982949734 0.012290448 -3.539720774 -0.368700713 0.057215538 0.927785635 19.155544281
0.918386102 -0.175811604 0.354481518 9.064387321 0.185299367 0.982655048 0.007294529 -3.630235195 -0.349615544 0.058986012 0.935034573 19.593372345
0.927610219 -0.172016144 0.331586659 9.226877213 0.180869401 0.983498037 0.004225818 -3.720081806 -0.326841712 0.056053963 0.943415284 20.034540176
0.940173447 -0.158747613 0.301451594 9.370775223 0.167795897 0.985812843 -0.004185800 -3.819465399 -0.296510369 0.054517724 0.953472257 20.509254456
0.943691313 -0.154951274 0.292295694 9.535113335 0.163559705 0.986520290 -0.005088243 -3.936676741 -0.287567198 0.052609529 0.956314445 21.071063995
0.947158635 -0.156386316 0.280060798 9.705858231 0.164615929 0.986339808 -0.005953410 -4.054828644 -0.275304079 0.051741291 0.959963799 21.625776291
0.949838877 -0.152142897 0.273237348 9.829672813 0.160519764 0.986996591 -0.008429807 -4.150977135 -0.268401831 0.051866941 0.961909652 22.076717377
0.952628791 -0.150052354 0.264542341 9.948870659 0.158702746 0.987259328 -0.011507333 -4.244287968 -0.259445190 0.052945804 0.964305401 22.523086548
0.959488809 -0.141149819 0.243839920 10.025445938 0.149170876 0.988702893 -0.014651240 -4.338943005 -0.239017233 0.050431520 0.969704747 22.874895096
0.962248564 -0.135472134 0.236061409 10.102414131 0.143213749 0.989564359 -0.015880715 -4.429296494 -0.231446579 0.049088437 0.971608281 23.282619476
0.968406260 -0.129493624 0.213121086 10.172012329 0.136471972 0.990474880 -0.018300023 -4.522420883 -0.208721325 0.046806909 0.976854384 23.647377014
0.973110437 -0.124604754 0.193726510 10.236835480 0.131070346 0.991153359 -0.020872010 -4.606748581 -0.189411938 0.045702569 0.980833471 24.005804062
0.975793302 -0.121952832 0.181534886 10.307873726 0.128049359 0.991519153 -0.022205845 -4.703748703 -0.177287266 0.044913746 0.983133674 24.418849945
0.980466068 -0.114396177 0.159999207 10.356258392 0.120002605 0.992438316 -0.025795870 -4.802464962 -0.155838400 0.044492293 0.986780047 24.823240280
0.981622219 -0.114268474 0.152841657 10.430490494 0.119623460 0.992471337 -0.026281079 -4.913739204 -0.148687884 0.044081535 0.987901151 25.314611435
0.983723521 -0.111523412 0.140892982 10.494006157 0.116468318 0.992818534 -0.027326478 -5.025575638 -0.136833668 0.043291271 0.989647567 25.792613983
0.984492242 -0.114016555 0.133323565 10.547180176 0.119114757 0.992400050 -0.030883616 -5.121044159 -0.128789052 0.046285484 0.990591228 26.214637756
0.988669813 -0.110431075 0.101670057 10.582548141 0.114478827 0.992813826 -0.034860719 -5.212022305 -0.097089753 0.046104811 0.994207144 26.496118546
0.992177486 -0.101162694 0.073142603 10.602520943 0.104522586 0.993563712 -0.043659769 -5.307533741 -0.068255089 0.050963290 0.996365368 26.857789993
0.993226111 -0.097651161 0.062976919 10.632682800 0.100799777 0.993703365 -0.048917498 -5.393424988 -0.057803538 0.054934189 0.996815443 27.245033264
0.994624853 -0.098298863 0.032541253 10.645781517 0.099907488 0.993627548 -0.052179236 -5.495129108 -0.027204735 0.055149868 0.998107374 27.597537994
0.995768726 -0.089919887 0.018948345 10.645517349 0.090854026 0.994279563 -0.056156944 -5.592294216 -0.013790328 0.057640858 0.998242140 27.977121353
0.995884418 -0.089759491 0.012548463 10.662194252 0.090313196 0.994429111 -0.054353565 -5.696545601 -0.007599810 0.055263162 0.998442948 28.386444092
0.995956481 -0.089796342 0.002712774 10.668624878 0.089813940 0.994554341 -0.052867733 -5.793580532 0.002049328 0.052897610 0.998597860 28.769695282
0.996606350 -0.081778876 -0.009379931 10.654686928 0.081123069 0.995099187 -0.056538574 -5.894539833 0.013957623 0.055585776 0.998356342 29.151947021
0.996106088 -0.082578555 -0.030880973 10.652137756 0.080629222 0.994949520 -0.059785660 -6.009802818 0.035662025 0.057062946 0.997733474 29.593191147
0.995817184 -0.078185380 -0.047280837 10.637656212 0.074792668 0.994759798 -0.069708019 -6.098367691 0.052483227 0.065880194 0.996446371 29.895259857
0.995606303 -0.074767828 -0.056372106 10.617904663 0.070184328 0.994375467 -0.079318427 -6.190202713 0.061985511 0.075013481 0.995254099 30.214382172
0.995437860 -0.068423890 -0.066494457 10.603969574 0.062431723 0.994130194 -0.088358700 -6.266736031 0.072149992 0.083804250 0.993866801 30.470720291
0.994677186 -0.066321284 -0.078859396 10.584615707 0.058575097 0.993580461 -0.096782610 -6.354472160 0.084771894 0.091648266 0.992176473 30.790437698
0.991907537 -0.058422808 -0.112722911 10.553301811 0.046782549 0.993551373 -0.103280708 -6.427284241 0.118029997 0.097171448 0.988244176 30.963783264
0.990188003 -0.050256316 -0.130391970 10.510755539 0.036439363 0.993669868 -0.106266901 -6.516685486 0.134907156 0.100472823 0.985751152 31.290178299
0.989156902 -0.047632907 -0.138924062 10.470481873 0.032939486 0.993797958 -0.106210329 -6.592793465 0.143121555 0.100482568 0.984591126 31.575519562
0.988674998 -0.044882856 -0.143203646 10.434795380 0.029906550 0.994014978 -0.105069824 -6.667194366 0.147062391 0.099597186 0.984100044 31.786502838
0.988014042 -0.042928956 -0.148274586 10.405664444 0.027494231 0.994132340 -0.104619227 -6.733363628 0.151895776 0.099288568 0.983396888 32.024059296
0.987747550 -0.037215836 -0.151558056 10.368896484 0.021476492 0.994325221 -0.104193047 -6.795135975 0.154575616 0.099661484 0.982941568 32.231861115
=======
0.999999166 -0.001300846 0.000053764 0.241229817 0.001300913 0.999998391 -0.001253601 0.245928556 -0.000052133 0.001253670 0.999999225 0.235323355
0.999943912 -0.006624341 0.008260862 0.188115597 0.006665061 0.999965727 -0.004911491 0.233750805 -0.008228043 0.004966274 0.999953806 1.421161890
0.999833465 -0.010964439 0.014588100 0.067943774 0.011075872 0.999909937 -0.007579864 0.068866670 -0.014503676 0.007740178 0.999864876 2.972979307
0.999842167 -0.010671117 0.014206485 0.248727590 0.010801317 0.999900103 -0.009119825 0.305159211 -0.014107746 0.009271833 0.999857485 4.317726135
0.999801993 -0.012643170 0.015367783 0.520527184 0.012797195 0.999868453 -0.009965897 0.326837599 -0.015239760 0.010160588 0.999832213 3.623528957
0.999774158 -0.013783009 0.016176615 0.924771726 0.013944288 0.999853790 -0.009899803 0.164541423 -0.016037801 0.010123138 0.999820113 4.052365303
0.999729633 -0.014915183 0.017839095 0.868524551 0.015112260 0.999825716 -0.010964196 0.117564067 -0.017672451 0.011230821 0.999780774 3.765621424
0.999671340 -0.016928215 0.019253526 0.776351571 0.017169904 0.999774992 -0.012457693 0.070438214 -0.019038307 0.012784179 0.999737024 3.552065134
0.999623835 -0.018162677 0.020549439 1.473204374 0.018426219 0.999749422 -0.012708983 0.197642952 -0.020313462 0.013082852 0.999708056 5.144462585
0.999627650 -0.018164627 0.020361401 1.215156436 0.018427689 0.999748170 -0.012807358 0.227100477 -0.020123633 0.013177803 0.999710679 4.235116959
0.999584913 -0.018791463 0.021838401 1.173027158 0.019094547 0.999723077 -0.013753819 0.228363067 -0.021573899 0.014165104 0.999666929 6.184567451
0.999538779 -0.020757155 0.022166273 0.733237803 0.021071056 0.999679625 -0.014022768 0.424949795 -0.021868099 0.014483366 0.999655962 4.051075459
0.999431431 -0.023177620 0.024488097 1.090146780 0.023553941 0.999607146 -0.015192499 0.141889155 -0.024126349 0.015760653 0.999584675 5.420481682
0.999276340 -0.023010550 0.030286886 0.390042663 0.023552520 0.999566615 -0.017661108 0.682724178 -0.029867368 0.018361660 0.999385178 5.828394413
0.999231577 -0.026011275 0.029319577 0.764963388 0.026548781 0.999483764 -0.018094871 0.332995772 -0.028833769 0.018859366 0.999406278 4.930639744
0.999176145 -0.026720071 0.030546634 1.121929169 0.027280496 0.999464333 -0.018079324 0.140439808 -0.030047189 0.018897755 0.999369800 5.583910942
0.999113977 -0.026176788 0.032954235 1.544607401 0.026862402 0.999428153 -0.020537056 0.261496454 -0.032397795 0.021404089 0.999245822 5.622407436
0.998829246 -0.030920077 0.037203293 1.358841300 0.031750701 0.999254823 -0.021946782 0.010092609 -0.036496975 0.023102319 0.999066710 3.200095654
0.998808861 -0.031450063 0.037305832 1.431435108 0.032304306 0.999224305 -0.022520876 0.354795456 -0.036568612 0.023699189 0.999050081 5.836316109
0.998497367 -0.035188414 0.042009991 1.717066288 0.036139090 0.999102652 -0.022088688 0.327164650 -0.041195028 0.023573698 0.998872995 9.140157700
0.998269737 -0.038167011 0.044730641 1.899639368 0.039236784 0.998958588 -0.023286760 -0.051258802 -0.043795269 0.025001554 0.998727620 8.484758377
0.997754514 -0.043953549 0.050537419 -7.371821404 0.036974493 0.990616024 0.131578222 -7.581573009 -0.055846505 -0.129414096 0.990016758 -68.466133118
0.997552812 -0.047513567 0.051292591 -7.603201866 0.040377881 0.990406156 0.132156760 -7.693154335 -0.057079729 -0.129762217 0.989900827 -67.186035156
0.997731507 -0.044262439 0.050724223 -7.579428673 0.037262730 0.990618944 0.131475702 -7.498510838 -0.056067802 -0.129287317 0.990020812 -68.460052490
0.997726321 -0.044393167 0.050709326 -7.546548843 0.037390620 0.990604997 0.131543532 -7.508293152 -0.056072548 -0.129348382 0.990012586 -68.399612427
0.997723281 -0.044419557 0.050745476 -7.572157860 0.037412543 0.990605116 0.131536260 -7.506917000 -0.056111503 -0.129338279 0.990011692 -68.454650879
0.997727752 -0.044304304 0.050759092 -7.556926250 0.037297606 0.990612447 0.131514058 -7.498963833 -0.056109224 -0.129322037 0.990013957 -68.468528748
0.997724354 -0.044317741 0.050814159 -7.542947769 0.037301842 0.990607619 0.131548733 -7.509111404 -0.056166835 -0.129353896 0.990006506 -68.436401367
0.997710168 -0.044542480 0.050894715 -7.569529533 0.037521891 0.990616620 0.131419137 -7.464569569 -0.056270875 -0.129208565 0.990019560 -68.070777893
0.997709692 -0.044592220 0.050862420 -7.554388046 0.037577014 0.990618050 0.131391868 -7.465850353 -0.056244291 -0.129179671 0.990024805 -68.034889221
0.997704923 -0.044800900 0.050770760 -7.519495010 0.037789434 0.990594447 0.131509081 -7.465410233 -0.056184951 -0.129288673 0.990014017 -67.925941467
0.997709513 -0.044509232 0.050937749 -7.602902412 0.037475832 0.990600765 0.131550476 -7.582419395 -0.056314189 -0.129340246 0.989999890 -68.160942078
0.997695029 -0.044741679 0.051018171 -7.636562824 0.037692796 0.990584731 0.131610006 -7.549287796 -0.056426279 -0.129383624 0.989987850 -68.018241882
0.997726738 -0.044233639 0.050841667 -7.345094681 0.037225772 0.990636289 0.131354764 -7.261513233 -0.056175902 -0.129163548 0.990030825 -67.712966919
0.997695565 -0.044745166 0.051003654 -7.312824249 0.037691481 0.990569174 0.131726950 -7.337175369 -0.056416795 -0.129501015 0.989973068 -67.384773254
0.997751296 -0.043028999 0.051387839 -7.542791367 0.035942011 0.990644336 0.131650791 -7.151350021 -0.056571875 -0.129507750 0.989963293 -66.484130859
0.997721434 -0.043901525 0.051230632 -7.331800461 0.036818493 0.990588367 0.131830156 -7.339087486 -0.056535996 -0.129643530 0.989947617 -65.640419006
0.997195244 -0.050293613 0.055428155 -7.273224831 0.042540491 0.990185916 0.133124560 -6.642679214 -0.061579496 -0.130393237 0.989548147 -65.460014343
0.997238457 -0.049272276 0.055566620 -7.255445480 0.041506350 0.990225792 0.133154601 -6.448701859 -0.061584327 -0.130480498 0.989536345 -64.484741211
0.997287571 -0.048451230 0.055408239 -6.968028069 0.040731691 0.990300953 0.132833794 -6.166937828 -0.061306790 -0.130216628 0.989588380 -64.747070312
0.997260988 -0.049252015 0.055179279 -6.894723415 0.041542519 0.990236342 0.133064613 -6.293450832 -0.061194222 -0.130407825 0.989570200 -63.693817139
0.997210085 -0.050009541 0.055416018 -7.337703705 0.042150002 0.989963353 0.134892479 -7.113321304 -0.061605737 -0.132180378 0.989309311 -64.062599182
0.997204065 -0.049870670 0.055650629 -7.219272614 0.041997794 0.990006328 0.134623989 -6.881474972 -0.061808266 -0.131910354 0.989332736 -63.460597992
0.997219622 -0.049498156 0.055703189 -7.232093811 0.041589729 0.989955425 0.135124579 -7.018573761 -0.061832085 -0.132432193 0.989261568 -62.649482727
0.997227609 -0.049088288 0.055923361 -7.229885101 0.041139338 0.989943206 0.135351717 -7.083145142 -0.062005140 -0.132675827 0.989218116 -62.088939667
0.997211397 -0.049447481 0.055895384 -7.070557594 0.041518647 0.989968717 0.135048568 -6.825776100 -0.062012494 -0.132351264 0.989261091 -62.122890472
0.997149825 -0.050633490 0.055932015 -7.077829361 0.042692736 0.989922166 0.135023788 -6.690470695 -0.062205072 -0.132251054 0.989262402 -60.455787659
0.997217536 -0.049374573 0.055851273 -7.065387726 0.041443862 0.989953876 0.135180518 -6.699500561 -0.061964668 -0.132489666 0.989245594 -60.693176270
0.997225642 -0.049172178 0.055884451 -6.967001438 0.041242015 0.989969909 0.135124937 -6.534776688 -0.061968304 -0.132445276 0.989251316 -59.581562042
0.997198641 -0.049632177 0.055960800 -6.976709843 0.041685745 0.989945292 0.135169074 -6.337732315 -0.062106870 -0.132457644 0.989240944 -58.284595490
0.997156382 -0.050514195 0.055923767 -7.005144119 0.042579010 0.989934921 0.134966493 -6.225206375 -0.062178615 -0.132201567 0.989270627 -57.907665253
0.997254908 -0.049019396 0.055494841 -6.585169315 0.041163001 0.990018904 0.134789526 -5.888787270 -0.061548244 -0.132135153 0.989319026 -55.959720612
0.997079253 -0.052036189 0.055904713 -6.808039665 0.044104490 0.989894032 0.134776533 -5.906934738 -0.062353000 -0.131917194 0.989297688 -55.912815094
0.997244716 -0.049611192 0.055152856 -6.297719002 0.041793231 0.989986837 0.134831533 -5.563738346 -0.061289750 -0.132155016 0.989332378 -54.066940308
0.997188628 -0.050504260 0.055354945 -6.619718552 0.042632956 0.989907026 0.135153607 -6.052752018 -0.061622083 -0.132413700 0.989277184 -56.533420563
0.997230232 -0.049960930 0.055097997 -6.356158257 0.042131592 0.989937007 0.135091335 -6.018378258 -0.061292831 -0.132395849 0.989300072 -56.338062286
0.997197032 -0.050598752 0.055117879 -6.285447121 0.042722154 0.989823580 0.135735109 -6.148310184 -0.061425004 -0.132999912 0.989210844 -54.854301453
0.997327864 -0.048355445 0.054762159 -5.883669853 0.040529806 0.989886403 0.135949463 -6.094259262 -0.060782216 -0.133366719 0.989201069 -53.825740814
0.997280896 -0.049439009 0.054650433 -5.746065617 0.041612677 0.989824533 0.136072397 -6.094779968 -0.060821630 -0.133428261 0.989190340 -52.674938202
0.997245908 -0.050001793 0.054776546 -5.809313297 0.042157721 0.989808917 0.136018127 -5.890437126 -0.061019462 -0.133334264 0.989190876 -51.578010559
0.997284174 -0.049599797 0.054444592 -5.657493591 0.041816041 0.989852369 0.135807678 -5.666819572 -0.060628146 -0.133162215 0.989238143 -50.585723877
0.997259378 -0.049743272 0.054765586 -5.826389313 0.041933008 0.989886224 0.135524645 -5.536550522 -0.060953137 -0.132856771 0.989259243 -50.435367584
0.997243285 -0.050071117 0.054760717 -5.499505997 0.042252284 0.989857435 0.135634914 -5.448656082 -0.060996696 -0.132947236 0.989244342 -48.994361877
0.997327983 -0.048215527 0.054883271 -5.479123116 0.040387366 0.989920318 0.135744110 -5.403836250 -0.060875047 -0.133164853 0.989222586 -49.313346863
0.997212827 -0.050133463 0.055255722 -5.612124443 0.042231344 0.989821374 0.135904923 -5.298334599 -0.061506681 -0.133192614 0.989179850 -47.850616455
0.997214317 -0.050385304 0.054999940 -5.090379715 0.042509496 0.989796162 0.136001825 -5.170407295 -0.061291222 -0.133284941 0.989180744 -46.134284973
0.997255623 -0.049901407 0.054691438 -5.253306389 0.042118438 0.989919484 0.135222957 -4.794462204 -0.060887944 -0.132548347 0.989304662 -45.974876404
0.997296870 -0.049213167 0.054562539 -5.361767769 0.041457724 0.989959300 0.135136247 -4.829972267 -0.060665175 -0.132508919 0.989323556 -45.357433319
0.997324347 -0.048384849 0.054800209 -5.432732105 0.040633541 0.990059316 0.134653658 -4.375085831 -0.060770649 -0.132066682 0.989376187 -44.700687408
0.997255981 -0.049433894 0.055107694 -5.412764549 0.041614182 0.989974320 0.134977534 -4.390942574 -0.061227668 -0.132313877 0.989315033 -43.927394867
0.997292995 -0.049343932 0.054515395 -4.963917732 0.041586507 0.989937603 0.135255188 -4.328560829 -0.060640857 -0.132621914 0.989310026 -41.774364471
0.997276545 -0.049292166 0.054861713 -5.001577377 0.041498706 0.989962697 0.135098323 -4.090073109 -0.060970340 -0.132453710 0.989312172 -40.703975677
0.997267246 -0.049437590 0.054900371 -4.967817307 0.041655388 0.989994764 0.134815246 -3.774901390 -0.061016016 -0.132159919 0.989348710 -39.464431763
0.997285068 -0.049186565 0.054801840 -4.568991661 0.041375972 0.989910424 0.135518506 -4.033526421 -0.060914613 -0.132883102 0.989258111 -38.202846527
0.997284830 -0.049078871 0.054903809 -4.603357315 0.041257292 0.989919424 0.135489121 -4.036902905 -0.061000004 -0.132856056 0.989256442 -38.282199860
0.997368157 -0.048205391 0.054157611 -4.210220337 0.040498927 0.989971280 0.135338798 -3.447337151 -0.060138546 -0.132789269 0.989318073 -36.030792236
0.997367442 -0.048330359 0.054060891 -4.024264336 0.040642928 0.989981413 0.135222211 -3.377677917 -0.060054615 -0.132669032 0.989339292 -35.947792053
0.997326672 -0.049348801 0.053891029 -4.047278404 0.041691169 0.989970922 0.134979144 -3.316484928 -0.060011610 -0.132371515 0.989381850 -36.283046722
0.997296989 -0.049901750 0.053931426 -3.882528782 0.042048156 0.989533126 0.138044521 -3.083590031 -0.060255587 -0.135403663 0.988956630 -34.640117645
0.997305810 -0.049419042 0.054211572 -3.808157206 0.041437555 0.989344239 0.139574006 -2.961920261 -0.060531516 -0.136951596 0.988726616 -33.246616364
0.997347534 -0.048384376 0.054378364 -3.764884472 0.040322170 0.989237666 0.140652061 -3.010718584 -0.060598493 -0.138086364 0.988564670 -33.261638641
0.997325480 -0.049293783 0.053964369 -3.545643330 0.041141663 0.988875568 0.142942324 -2.637818813 -0.060410213 -0.140339851 0.988258839 -30.108577728
0.997329891 -0.049358547 0.053824011 -3.398678303 0.041102584 0.988583684 0.144958138 -2.571245670 -0.060364462 -0.142358780 0.987972736 -30.025585175
0.997424483 -0.048108298 0.053198379 -3.345380306 0.039843004 0.988366842 0.146776453 -2.388370037 -0.059640676 -0.144278869 0.987738192 -26.926309586
0.997387469 -0.048653807 0.053395838 -2.959513664 0.040233560 0.988052070 0.148776487 -2.138904333 -0.059996407 -0.146239489 0.987428188 -25.784164429
0.997651160 -0.045206528 0.051464651 -2.773213863 0.037045166 0.988028586 0.149756938 -1.575402856 -0.057618536 -0.147498652 0.987382591 -22.860744476
0.997698247 -0.044690847 0.050999925 -2.470043182 0.036579307 0.987983167 0.150170580 -1.739915371 -0.057098325 -0.147959381 0.987343788 -22.886978149
0.997901917 -0.042396966 0.048930530 -2.292582512 0.034478266 0.987680376 0.152639180 -1.743826747 -0.054799162 -0.150631905 0.987069964 -21.813602448
0.997959614 -0.040741302 0.049160641 -2.515105963 0.032793488 0.987706184 0.152843028 -1.686903954 -0.054783292 -0.150919020 0.987026930 -20.058055878
0.998117864 -0.038531549 0.047707602 -2.497947931 0.030772764 0.987615943 0.153843790 -1.557375669 -0.053044621 -0.152086154 0.986942828 -19.563150406
0.998129904 -0.038603719 0.047396522 -2.043564558 0.030919567 0.987692595 0.153320670 -1.000578403 -0.052731954 -0.151568472 0.987039149 -18.048900604
0.998068213 -0.039575681 0.047890339 -1.997807503 0.031789005 0.987615108 0.153641582 -1.096807122 -0.053377692 -0.151822418 0.986965477 -17.355228424
0.998084366 -0.039288994 0.047793839 -1.922106624 0.031522151 0.987629890 0.153601959 -1.164477468 -0.053237490 -0.151801154 0.986976266 -16.856294632
0.998115420 -0.038953822 0.047415923 -1.953460217 0.031251911 0.987649739 0.153529078 -1.018192053 -0.052810866 -0.151757896 0.987005889 -15.416299820
0.998105466 -0.039371602 0.047281280 -1.552598953 0.031676680 0.987609744 0.153699636 -0.949978828 -0.052746851 -0.151910737 0.986985743 -13.663665771
0.998210490 -0.036448993 0.047406781 -1.531223059 0.028779263 0.987738132 0.153444305 -0.386284709 -0.052418381 -0.151805371 0.987019479 -12.130942345
0.998097956 -0.039571781 0.047272559 -1.344234467 0.031879671 0.987613738 0.153632358 -0.610561609 -0.052766528 -0.151833102 0.986996651 -11.254540443
0.998124182 -0.039293334 0.046949212 -1.056103349 0.031675767 0.987685800 0.153210536 -0.082800865 -0.052391224 -0.151435971 0.987077653 -10.316403389
0.998181999 -0.038326029 0.046517089 -0.745394230 0.030769087 0.987669706 0.153498635 0.151677132 -0.051826507 -0.151788265 0.987053335 -7.920561790
0.998166144 -0.039503060 0.045867927 -0.547814310 0.032031871 0.987627745 0.153510198 0.082009554 -0.051364556 -0.151759461 0.987082005 -7.016011715
0.998168051 -0.038646586 0.046552084 -0.678626776 0.031061962 0.987604380 0.153859511 0.153261006 -0.051921189 -0.152131632 0.986995518 -6.345283031
0.998111963 -0.040424775 0.046245001 -0.230812997 0.032876693 0.987570941 0.153696984 0.444225907 -0.051883385 -0.151886404 0.987035334 -3.583970070
0.998120725 -0.040609017 0.045890808 0.204162911 0.033089761 0.987494707 0.154140249 0.527499080 -0.051576413 -0.152332038 0.986982644 -1.371628761
0.998107135 -0.041235458 0.045627642 0.001877479 0.033769555 0.987531185 0.153759211 0.622292459 -0.051399045 -0.151927322 0.987054288 -1.924886942
0.998182476 -0.039163504 0.045803092 0.415003121 0.031680342 0.987562954 0.153999642 0.900471330 -0.051264599 -0.152268708 0.987008631 0.142268971
0.998202443 -0.038329329 0.046072576 -0.017560862 0.030805426 0.987565160 0.154162452 1.277916789 -0.051408608 -0.152466029 0.986970842 1.630024433
0.998184860 -0.039197769 0.045722943 0.340701759 0.031722598 0.987549841 0.154074624 1.332528114 -0.051193073 -0.152344495 0.987000704 1.816563249
0.998173535 -0.039019041 0.046122044 0.423922241 0.031487059 0.987564087 0.154031634 1.494329929 -0.051558644 -0.152298018 0.986988842 3.805159092
0.998074949 -0.040563140 0.046915103 0.031433254 0.032875083 0.987464130 0.154382214 1.836980462 -0.052589212 -0.152542666 0.986896694 6.334191799
0.998171568 -0.039689187 0.045589380 0.756792724 0.032209612 0.987475097 0.154452041 1.634327292 -0.051148452 -0.152701169 0.986947894 6.410547733
0.998210490 -0.038687538 0.045595307 0.984013438 0.031227920 0.987537265 0.154255897 1.974012375 -0.050994847 -0.152556002 0.986978292 7.891120434
0.998148143 -0.039850947 0.045958914 0.845823169 0.032338317 0.987546384 0.153968647 2.311865330 -0.051522359 -0.152197272 0.987006307 9.791625977
0.998135746 -0.039873563 0.046207383 1.638346076 0.032248743 0.987328410 0.155379400 1.975298405 -0.051817384 -0.153599590 0.986773610 10.287182808
0.997737885 -0.045729332 0.049274381 1.273957729 0.037461519 0.986840367 0.157298252 2.403246403 -0.055819087 -0.155096486 0.986321092 12.967705727
0.997562408 -0.048703894 0.049973078 1.223598838 0.040292051 0.986720443 0.157350779 2.336596012 -0.056973059 -0.154953673 0.986277521 14.090557098
0.997394979 -0.051071286 0.050940555 2.467167854 0.042276423 0.986073136 0.160849020 2.996489763 -0.058445886 -0.158276424 0.985663533 16.824411392
0.997416854 -0.050623193 0.050959229 2.708460808 0.041849874 0.986144722 0.160521284 3.130617380 -0.058379278 -0.157973960 0.985716045 17.466215134
0.997430503 -0.050376944 0.050937060 2.694005489 0.041607685 0.986148953 0.160558939 3.114311218 -0.058319997 -0.158027008 0.985711038 17.478742599
0.997322500 -0.051823210 0.051596463 1.610371470 0.042950608 0.986138642 0.160267889 3.019029617 -0.059186865 -0.157622680 0.985724032 16.694313049
0.997388780 -0.050235070 0.051885385 1.807474375 0.041307911 0.986136496 0.160711914 3.122185469 -0.059239451 -0.158148974 0.985636652 17.706718445
0.997385740 -0.049956221 0.052212797 1.881646156 0.040918328 0.985985160 0.161737129 3.355911255 -0.059560817 -0.159177825 0.985451579 19.098363876
0.997359335 -0.051386151 0.051320616 2.228707075 0.042487875 0.985955954 0.161510140 3.684326172 -0.058899250 -0.158903122 0.985535622 20.308471680
0.997023761 -0.054597404 0.054430615 2.173540592 0.045018125 0.985455334 0.163863093 3.741868496 -0.062585436 -0.160925001 0.984980285 21.097169876
0.996958435 -0.055626221 0.054584920 2.099332333 0.046036147 0.985476077 0.163455054 4.104125023 -0.062884517 -0.160445035 0.985039532 22.722291946
0.996954203 -0.056142528 0.054132171 2.363412619 0.046567250 0.985314548 0.164276317 4.358820915 -0.062560096 -0.161255181 0.984927952 23.422431946
0.996967554 -0.055771623 0.054271057 2.655500412 0.046178035 0.985332370 0.164278910 4.396721363 -0.062637135 -0.161274582 0.984919786 24.466026306
0.996928215 -0.057025708 0.053686488 2.934243202 0.047470421 0.985161066 0.164937243 4.197702408 -0.062295489 -0.161882088 0.984841764 25.855911255
0.996882975 -0.057159137 0.054380242 3.195263624 0.047367822 0.984845638 0.166839167 4.322630882 -0.063092522 -0.163743243 0.984483361 26.496763229
0.996829450 -0.057610929 0.054881331 2.992944717 0.047609817 0.984512746 0.168724433 4.160007000 -0.063751742 -0.165576607 0.984134138 28.096986771
0.996848643 -0.057114583 0.055051725 3.004527569 0.047097933 0.984554887 0.168622062 4.705111027 -0.063832231 -0.165497795 0.984142184 30.603538513
0.996851444 -0.056918766 0.055203810 3.033475399 0.046792708 0.984340429 0.169953316 4.793714523 -0.064012893 -0.166835070 0.983904600 31.331359863
0.996761858 -0.057460800 0.056249473 2.522320986 0.047064614 0.984096467 0.171286345 4.896820068 -0.065197147 -0.168084338 0.983614266 34.099296570
0.996559143 -0.060708702 0.056429531 3.450652838 0.050038066 0.983418763 0.174309060 5.194529057 -0.066075943 -0.170885697 0.983072698 34.631649017
0.996326149 -0.062233180 0.058831997 2.189421415 0.051013436 0.983070076 0.175985068 5.109663963 -0.068788089 -0.172337294 0.982633173 30.456953049
0.996458888 -0.061144132 0.057715807 2.463495255 0.050113816 0.983068764 0.176251769 4.902336121 -0.067515373 -0.172735304 0.982651532 28.582717896
0.996357083 -0.062306881 0.058227237 2.222418070 0.051021721 0.982631028 0.178418502 4.815176964 -0.068332590 -0.174797684 0.982230306 29.320653915
0.996427715 -0.061167043 0.058227792 2.520879745 0.049863271 0.982600808 0.178911850 4.855885029 -0.068158187 -0.175369292 0.982140541 30.121549606
0.996349931 -0.062934592 0.057672303 2.784003735 0.051573943 0.982168257 0.180791765 4.936670303 -0.068021953 -0.177157477 0.981828988 30.696516037
0.996493816 -0.061578996 0.056640532 2.808710814 0.050282557 0.981857836 0.182829753 5.100885391 -0.066871427 -0.179340675 0.981511712 32.017223358
0.996564269 -0.060252193 0.056828406 2.788773298 0.048956931 0.981967330 0.182601750 5.232244015 -0.066805810 -0.179192215 0.981543243 31.942810059
0.996533751 -0.060678318 0.056908675 2.705878258 0.049370572 0.981968939 0.182481617 5.245987892 -0.066955239 -0.179039434 0.981560946 31.805704117
0.996522307 -0.061031263 0.056731611 2.793416500 0.049728334 0.981891215 0.182802349 5.363335133 -0.066860922 -0.179345429 0.981511593 33.987117767
0.996665835 -0.058197297 0.057186659 2.434751034 0.046760108 0.981779456 0.184181139 5.555821419 -0.066863529 -0.180892989 0.981227219 34.609870911
0.996678531 -0.058761925 0.056383148 2.387803078 0.047268718 0.981213212 0.187046304 5.837087631 -0.066315092 -0.183759883 0.980731666 35.686626434
0.996658087 -0.059162110 0.056324724 2.694682837 0.047588237 0.980956852 0.188305870 6.029754162 -0.066392690 -0.184996188 0.980493963 37.163364410
0.996585965 -0.060315572 0.056377985 2.119925976 0.048716329 0.980908990 0.188266367 5.515643120 -0.066657059 -0.184877068 0.980498493 34.252632141
0.996509850 -0.060678396 0.057326254 1.971500158 0.048881575 0.980856478 0.188497037 6.024630547 -0.067666523 -0.185036987 0.980399191 37.375267029
0.996601999 -0.059318013 0.057146892 2.122156382 0.047588587 0.980955660 0.188312113 6.240361214 -0.067228861 -0.184952721 0.980445266 37.884330750
0.996657610 -0.058771025 0.056741070 2.205600977 0.047117293 0.980955124 0.188433468 6.240205765 -0.066734858 -0.185130179 0.980445445 38.159152985
0.996592164 -0.059652057 0.056971088 2.211076021 0.047966637 0.980983734 0.188069373 6.275910378 -0.067106426 -0.184695780 0.980502069 38.689815521
0.996656477 -0.058309909 0.057233803 2.240096092 0.046607174 0.981078267 0.187917754 6.430765152 -0.067108311 -0.184621960 0.980515778 38.974666595
0.996643066 -0.058148794 0.057630975 1.924254060 0.046363033 0.981056690 0.188090950 6.409204006 -0.067476504 -0.184787616 0.980459332 39.741523743
0.996541917 -0.059926745 0.057557654 1.924926043 0.048139483 0.981006384 0.187907174 6.478454113 -0.067725077 -0.184486613 0.980498910 40.242195129
0.996648431 -0.058568556 0.057112176 2.201975107 0.046895608 0.981096268 0.187752560 6.709614277 -0.067028940 -0.184444994 0.980554521 41.320869446
0.996597886 -0.059138566 0.057405822 2.228378296 0.047425218 0.981134355 0.187420100 6.973546982 -0.067406572 -0.184059978 0.980601013 42.277194977
0.996661901 -0.058177669 0.057273488 2.688744068 0.046480890 0.981115818 0.187753305 7.473222733 -0.067114964 -0.184464440 0.980545044 45.729076385
0.996650398 -0.058392629 0.057257369 2.676073790 0.046688955 0.981087685 0.187848732 7.405992031 -0.067143470 -0.184546232 0.980527639 45.617095947
0.996604562 -0.059469413 0.056945257 2.757234573 0.047834706 0.981110752 0.187439486 7.533419609 -0.067016520 -0.184079081 0.980624199 45.526771545
0.996594191 -0.058804020 0.057810646 2.365453482 0.046935361 0.980920255 0.188659877 6.992937088 -0.067801587 -0.185304001 0.980339408 45.846576691
0.996442318 -0.060957782 0.058197387 2.384297609 0.049002722 0.980872273 0.188383341 7.330723763 -0.068567626 -0.184861287 0.980369747 46.906486511
0.996496737 -0.059637047 0.058632731 2.209598541 0.047577079 0.980819762 0.189020798 7.062734127 -0.068780772 -0.185569003 0.980221093 46.295890808
0.996613562 -0.060524467 0.055661660 3.351593494 0.049125373 0.981089175 0.187218428 8.280629158 -0.065940350 -0.183850020 0.980740070 49.405223846
0.996740937 -0.058271807 0.055783443 3.393261909 0.046652861 0.980541825 0.190686107 8.385512352 -0.065809622 -0.187462196 0.980064809 49.851947784
0.996645153 -0.059235286 0.056476202 3.305023193 0.047419619 0.980359674 0.191432059 8.435108185 -0.066706531 -0.188111752 0.979879737 49.958980560
0.996242881 -0.064384155 0.057920802 3.952819347 0.051917221 0.979307175 0.195606932 9.052598000 -0.069316246 -0.191864923 0.978970408 51.690425873
0.995769441 -0.068609267 0.061124131 3.438433170 0.055269971 0.978628457 0.198069721 8.673336983 -0.073407240 -0.193853423 0.978280246 50.885860443
0.995682418 -0.069768086 0.061228383 3.520484209 0.056380469 0.978543460 0.198176876 8.596647263 -0.073741056 -0.193869174 0.978251994 51.438709259
0.995691776 -0.069216743 0.061699856 3.296184301 0.055739392 0.978560269 0.198274568 9.079221725 -0.074100949 -0.193981245 0.978202641 52.680515289
0.995850444 -0.067401208 0.061147198 3.489161491 0.054072857 0.978680789 0.198141485 8.946735382 -0.073198557 -0.194012880 0.978264272 51.983619690
0.995820761 -0.067758083 0.061235439 3.422837734 0.054403484 0.978654683 0.198180094 8.963266373 -0.073356651 -0.194020420 0.978250921 52.006343842
0.994947612 -0.076624848 0.064868286 3.643881559 0.062170167 0.977577865 0.201187551 9.180820465 -0.078829765 -0.196138218 0.977402508 53.272991180
0.994592965 -0.078771025 0.067675084 2.984335423 0.063725010 0.977475047 0.201200619 9.210845947 -0.081999473 -0.195800126 0.977209508 53.472919464
0.993538916 -0.088547185 0.070991255 3.700030327 0.072287299 0.975956380 0.205630064 9.494409561 -0.087492332 -0.199169710 0.976051450 54.830127716
0.993499577 -0.088842690 0.071172029 3.722832203 0.072519995 0.975889087 0.205867678 9.383535385 -0.087745830 -0.199368075 0.975988269 54.391860962
0.993523359 -0.088492073 0.071276449 3.618185759 0.072180256 0.975974202 0.205582753 9.381093979 -0.087756433 -0.199106544 0.976040661 54.938922882
0.993137002 -0.092020541 0.072188169 3.831032276 0.075315692 0.975394666 0.207202271 9.437849045 -0.089478806 -0.200343341 0.975631177 55.904350281
0.992657125 -0.095023550 0.074848920 3.627498865 0.077543661 0.974803209 0.209154502 9.508143425 -0.092837587 -0.201814666 0.975013852 56.279579163
0.992013693 -0.099982113 0.076891810 3.734209299 0.081720069 0.973849535 0.211987600 9.593528748 -0.096076034 -0.204011023 0.974242687 57.255622864
